# chao1.txt
# Group
xaxis: 10.0	5010.0	10010.0	15010.0	20010.0	25010.0	30010.0	35010.0	40010.0	45010.0	50010.0	55010.0	60010.0	65010.0	70010.0	75010.0	80010.0	85010.0	
xmax: 90010.0
>> CK
color #ff0000
series 51.4666666667	3173.39832325	4012.65798149	4502.46524178	4875.00114981	5204.19565258	5452.22976663	5640.3470702	5790.21036133	5968.25564296	6069.10237647	6149.02060663	6249.03334468	6338.55993418	6396.91802805	6481.90436202	6531.80456221	6573.67983673	
error 0.471404520791	215.109155466	305.146851048	310.28436438	360.703255044	405.171397583	489.296190933	469.101560944	478.86858215	513.286993182	536.669626296	550.94536176	581.614437147	564.666677286	573.411656589	609.012916752	610.927892281	608.878709848	
>> TB
color #f27304
series 52.8666666667	2953.81474779	3857.08403856	4317.55045463	4718.38828087	5022.9469993	5303.90196946	5575.87681866	5735.40233139	5898.79145902	6084.47753689	6211.991834	6320.67272422	6427.15456908	6531.66430042	6623.75236826	6730.19312667	6817.42549868	
error 3.01698893306	54.8468995096	82.1677722938	31.2514053359	38.5432378079	71.6777204996	18.020559151	75.7393807395	32.4320037408	34.6353665968	37.4546162544	61.8619660019	41.6928469201	39.437935765	24.6984224215	48.9921742938	35.4140686139	61.4226270266	
>> TC
color #008000
series 47.5333333333	2451.35116506	3188.05770026	3661.74601029	4056.49648553	4269.26426562	4530.41766841	4748.2533533	4875.24533121	4972.6966411	5167.81146372	5262.32008809	5349.16122062	5438.83132447	5566.5089181	5602.28521469	5717.92979543	5776.23620025	
error 3.01698893306	176.713016538	193.685969568	264.127669571	250.504427901	295.901736474	348.558404789	303.303355511	348.005221728	346.170416753	341.00809622	346.510164486	368.474560004	360.497809227	342.555990433	346.118526783	367.834261892	364.818346108	
>> TA
color #0000ff
series 51.8	2714.73283744	3562.13271859	4071.34350951	4402.13922255	4720.20909166	4960.96520742	5182.39458019	5406.08726403	5572.70688356	5689.3145156	5838.28925872	5944.85301485	6058.73174026	6155.09543488	6265.4616637	6338.80122629	nan	
error 2.61278905897	14.0255676821	109.632360182	81.9475143651	66.6250423718	97.7634055045	67.6164728648	123.788890452	70.7070119052	94.4166190259	74.2335661405	85.8474699285	109.833045336	69.576268753	85.353033729	74.0071094033	80.5278498824	nan	
