# chao1.txt
# SampleID
xaxis: 10.0	5010.0	10010.0	15010.0	20010.0	25010.0	30010.0	35010.0	40010.0	45010.0	50010.0	55010.0	60010.0	65010.0	70010.0	75010.0	80010.0	85010.0	
xmax: 90010.0
>> TC-1
color #6b440b
series 51.8	2448.77803717	3210.676817	3705.85928465	4149.54553875	4334.20360998	4577.33923673	4821.16923341	4889.24241137	5065.22189448	5242.67599245	5350.48495088	5468.75861539	5551.88830171	5681.94559836	5708.01336659	5848.22242561	5870.43278001	
error nan	nan	nan	nan	nan	nan	nan	nan	nan	nan	nan	nan	nan	nan	nan	nan	nan	nan	
>> TC-2
color #808080
series 45.4	2236.22084061	2940.3424231	3318.4641359	3713.93968387	3878.78074226	4082.0001604	4345.73279016	4442.20159067	4510.10452438	4717.79434834	4800.77609096	4850.12158772	4951.77804491	5101.33175856	5135.5211263	5216.64022495	5289.83859128	
error nan	nan	nan	nan	nan	nan	nan	nan	nan	nan	nan	nan	nan	nan	nan	nan	nan	nan	
>> TC-3
color #02f40e
series 45.4	2669.05461739	3413.15386069	3960.91461031	4306.00423396	4594.80844463	4931.91360809	5077.85803632	5294.29199158	5342.76350444	5542.96405036	5635.69922243	5728.60345874	5812.82762678	5916.24939737	5963.32115117	6088.92673573	6168.43722947	
error nan	nan	nan	nan	nan	nan	nan	nan	nan	nan	nan	nan	nan	nan	nan	nan	nan	nan	
>> TB-1
color #7cecf4
series 48.6	2995.47807397	3827.57846533	4347.50826266	4713.88620264	4928.57153635	5310.45304909	5538.41323027	5749.6162167	5871.93306595	6050.22694371	6160.48302605	6265.21368939	6405.79990516	6500.15691597	6584.06126459	6683.60547494	6730.85535782	
error nan	nan	nan	nan	nan	nan	nan	nan	nan	nan	nan	nan	nan	nan	nan	nan	nan	nan	
>> TB-3
color #5da09e
series 55.0	2989.64346784	3969.17325241	4330.71178529	4767.68366331	5102.17372918	5321.95536176	5681.51108894	5766.06080145	5947.69434961	6136.59490498	6298.98745191	6365.74184422	6482.45263515	6534.36113049	6692.77933864	6769.40635622	6866.90061765	
error nan	nan	nan	nan	nan	nan	nan	nan	nan	nan	nan	nan	nan	nan	nan	nan	nan	nan	
>> TB-2
color #f49ac2
series 55.0	2876.32270156	3774.50039794	4274.43131596	4673.59497664	5038.09573236	5279.29749754	5507.70613676	5690.52997601	5876.74696149	6066.61076196	6176.50502403	6331.06263906	6393.21116693	6560.47485479	6594.41650155	6737.56754884	6854.52052055	
error nan	nan	nan	nan	nan	nan	nan	nan	nan	nan	nan	nan	nan	nan	nan	nan	nan	nan	
>> CK-1
color #ff0000
series 50.8	3219.05043056	3954.94077176	4513.08179603	4894.79940771	5225.639866	5479.68746818	5695.69322163	5893.28390419	6034.87145033	6156.40845265	6232.55914279	6328.08066446	6415.12402376	6519.02606759	6610.49020703	6711.3231152	6726.84367865	
error nan	nan	nan	nan	nan	nan	nan	nan	nan	nan	nan	nan	nan	nan	nan	nan	nan	nan	
>> CK-3
color #f27304
series 51.8	2890.10185483	3671.147252	4117.24901956	4423.66541269	4697.58958625	4839.70988414	5040.14712668	5159.01458495	5308.95488252	5372.52922957	5436.373427	5500.47747735	5611.89126852	5641.58840603	5680.08560302	5710.14423284	5763.26853975	
error nan	nan	nan	nan	nan	nan	nan	nan	nan	nan	nan	nan	nan	nan	nan	nan	nan	nan	
>> CK-2
color #0000ff
series 51.8	3411.04268437	4411.88592071	4877.06490976	5306.53862904	5689.3575055	6037.29194757	6185.2008623	6318.33259486	6560.94059603	6678.36944718	6778.1292501	6918.54189221	6988.66451027	7030.13961052	7155.13727601	7173.94633859	7230.92729179	
error nan	nan	nan	nan	nan	nan	nan	nan	nan	nan	nan	nan	nan	nan	nan	nan	nan	nan	
>> TA-2
color #91278d
series 55.0	2712.97989359	3655.69522809	4083.39668834	4428.65607989	4773.21990212	4963.42347459	5281.98597639	5443.46041798	5643.98367113	5773.30882293	5922.11494831	5983.53144078	6115.66119538	6172.1235823	6296.80797286	6401.179446	6535.55879848	
error nan	nan	nan	nan	nan	nan	nan	nan	nan	nan	nan	nan	nan	nan	nan	nan	nan	nan	
>> TA-3
color #ffff00
series 51.8	2732.7198387	3622.41884548	4165.13742563	4467.18141083	4804.2881142	5042.52163294	5257.28528652	5467.72289957	5634.8512162	5701.85772099	5872.4331195	6055.79400489	6099.76926888	6250.07166118	6336.26761087	6390.12769187	nan	
error nan	nan	nan	nan	nan	nan	nan	nan	nan	nan	nan	nan	nan	nan	nan	nan	nan	nan	
>> TA-1
color #008000
series 48.6	2698.49878003	3408.2840822	3965.49641455	4310.58017693	4583.11925867	4876.95051473	5007.91247765	5307.07847455	5439.28576335	5592.77700289	5720.31970835	5795.23359887	5960.76475651	6043.09106115	6163.30940737	6225.096541	6309.51653367	
error nan	nan	nan	nan	nan	nan	nan	nan	nan	nan	nan	nan	nan	nan	nan	nan	nan	nan	
