# goods_coverage.txt
# SampleID
xaxis: 10.0	5010.0	10010.0	15010.0	20010.0	25010.0	30010.0	35010.0	40010.0	45010.0	50010.0	55010.0	60010.0	65010.0	70010.0	75010.0	80010.0	85010.0	
xmax: 90010.0
>> TC-1
color #6b440b
series 0.02	0.859760479042	0.909240759241	0.93146568954	0.943593203398	0.953486605358	0.95946017994	0.964087403599	0.968255436141	0.971113085981	0.973321335733	0.975564442828	0.977452091318	0.978943239502	0.980212826739	0.981682442341	0.982510936133	0.983633690154	
error nan	nan	nan	nan	nan	nan	nan	nan	nan	nan	nan	nan	nan	nan	nan	nan	nan	nan	
>> TC-2
color #808080
series 0.06	0.874031936128	0.918501498501	0.9391005996	0.950284857571	0.958772491004	0.964118627124	0.967606398172	0.971199700075	0.974321261942	0.976294741052	0.978249409198	0.979943342776	0.981415166897	0.982346807599	0.983623516864	0.98452568429	0.985438183743	
error nan	nan	nan	nan	nan	nan	nan	nan	nan	nan	nan	nan	nan	nan	nan	nan	nan	nan	
>> TC-3
color #02f40e
series 0.06	0.846986027944	0.901728271728	0.926469020653	0.940574712644	0.950695721711	0.956577807398	0.962159383033	0.96607848038	0.969791157521	0.972153569286	0.97449009271	0.976558906849	0.978315643747	0.979762891016	0.98115184642	0.982190976128	0.983177273262	
error nan	nan	nan	nan	nan	nan	nan	nan	nan	nan	nan	nan	nan	nan	nan	nan	nan	nan	
>> TB-1
color #7cecf4
series 0.04	0.827005988024	0.89047952048	0.918780812791	0.934712643678	0.946869252299	0.953365544818	0.959014567267	0.963406648338	0.967107309487	0.969810037992	0.972577713144	0.974625895684	0.976395939086	0.977921725468	0.979288094921	0.980456192976	0.981668039054	
error nan	nan	nan	nan	nan	nan	nan	nan	nan	nan	nan	nan	nan	nan	nan	nan	nan	nan	
>> TB-3
color #5da09e
series 0.0	0.826427145709	0.887382617383	0.918167888075	0.933978010994	0.944710115954	0.952672442519	0.957612110826	0.962776805798	0.966276383026	0.969324135173	0.971688783858	0.974024329278	0.975812951854	0.977638908727	0.978832155712	0.980146231721	0.981195153511	
error nan	nan	nan	nan	nan	nan	nan	nan	nan	nan	nan	nan	nan	nan	nan	nan	nan	nan	
>> TB-2
color #f49ac2
series 0.0	0.831876247505	0.891438561439	0.920053297802	0.935592203898	0.945721711315	0.953262245918	0.958977435019	0.963499125219	0.966927349478	0.969706058788	0.972217778586	0.974239293451	0.976285186894	0.977660334238	0.979186775097	0.98028496438	0.981277496765	
error nan	nan	nan	nan	nan	nan	nan	nan	nan	nan	nan	nan	nan	nan	nan	nan	nan	nan	
>> CK-1
color #ff0000
series 0.04	0.813672654691	0.885984015984	0.915423051299	0.933448275862	0.944494202319	0.952305898034	0.958314767209	0.962709322669	0.966711841813	0.969938012397	0.972941283403	0.975112481253	0.97709890786	0.978648764462	0.980105319291	0.981351081115	0.982658510763	
error nan	nan	nan	nan	nan	nan	nan	nan	nan	nan	nan	nan	nan	nan	nan	nan	nan	nan	
>> CK-3
color #f27304
series 0.02	0.827824351297	0.894715284715	0.923730846103	0.940414792604	0.950839664134	0.958763745418	0.964027420737	0.96856535866	0.971692957121	0.974969006199	0.977475004545	0.979531744709	0.980978311029	0.982622482503	0.984010131982	0.985223097113	0.986249852958	
error nan	nan	nan	nan	nan	nan	nan	nan	nan	nan	nan	nan	nan	nan	nan	nan	nan	nan	
>> CK-2
color #0000ff
series 0.02	0.797185628743	0.872647352647	0.907248500999	0.926911544228	0.938668532587	0.946961012996	0.954635818338	0.96	0.963816929571	0.967348530294	0.970412652245	0.972782869522	0.974937701892	0.976983288102	0.978440207972	0.980038745157	0.981353958358	
error nan	nan	nan	nan	nan	nan	nan	nan	nan	nan	nan	nan	nan	nan	nan	nan	nan	nan	
>> TA-2
color #91278d
series 0.0	0.842315369261	0.897082917083	0.924523650899	0.939370314843	0.949256297481	0.956661112962	0.961282490717	0.965566108473	0.968533659187	0.971369726055	0.97362297764	0.975717380436	0.977415782187	0.978977288959	0.980161311825	0.981264841895	0.982163274909	
error nan	nan	nan	nan	nan	nan	nan	nan	nan	nan	nan	nan	nan	nan	nan	nan	nan	nan	
>> TA-3
color #ffff00
series 0.02	0.840758483034	0.896863136863	0.922764823451	0.939090454773	0.948516593363	0.955734755082	0.960942587832	0.964826293427	0.968487002888	0.971599680064	0.973819305581	0.975500749875	0.977483464083	0.9787916012	0.980123983469	0.981433570804	nan	
error nan	nan	nan	nan	nan	nan	nan	nan	nan	nan	nan	nan	nan	nan	nan	nan	nan	nan	
>> TA-1
color #008000
series 0.04	0.844311377245	0.902017982018	0.925736175883	0.940739630185	0.950487804878	0.957034321893	0.962824907169	0.966235941015	0.969646745168	0.972233553289	0.974371932376	0.976472254624	0.977838794032	0.979287244679	0.980507932276	0.981688538933	0.982724385366	
error nan	nan	nan	nan	nan	nan	nan	nan	nan	nan	nan	nan	nan	nan	nan	nan	nan	nan	
