# goods_coverage.txt
# Group
xaxis: 10.0	5010.0	10010.0	15010.0	20010.0	25010.0	30010.0	35010.0	40010.0	45010.0	50010.0	55010.0	60010.0	65010.0	70010.0	75010.0	80010.0	85010.0	
xmax: 90010.0
>> CK
color #ff0000
series 0.0266666666667	0.812894211577	0.884448884449	0.915467466134	0.933591537565	0.944667466347	0.952676885483	0.958992668761	0.96375822711	0.967407242835	0.97075184963	0.973609646731	0.975809031828	0.97767164026	0.979418178355	0.980851886415	0.982204307795	0.983420774027	
error 0.00942809041582	0.0125203117695	0.00907435500227	0.00672896250225	0.00551360874632	0.00497035385078	0.00482558092688	0.00386395408804	0.00357458553664	0.00325275672073	0.00316382274412	0.00292167043022	0.00279889455574	0.00249910070331	0.0023656044579	0.00233438574685	0.00220081395945	0.00207014169351	
>> TB
color #f27304
series 0.0133333333333	0.828436460413	0.889766899767	0.919000666223	0.934760952857	0.945767026523	0.953100077752	0.95853470437	0.963227526452	0.96677034733	0.969613410651	0.972161425196	0.974296506138	0.976164692611	0.977740322811	0.97910234191	0.980295796359	0.981380229777	
error 0.0188561808316	0.00244374931032	0.00173080747174	0.00078525754079	0.000659876258677	0.000882045932401	0.000305310317479	0.000652548254945	0.000320935947697	0.000356928519136	0.000208906909845	0.000365085010362	0.000248898243877	0.000252794623549	0.000128568933595	0.000195476959653	0.000126772746097	0.000206269626058	
>> TC
color #008000
series 0.0466666666667	0.860259481038	0.909823509823	0.932345103264	0.944817591204	0.954318272691	0.960052204821	0.964617728268	0.968511205532	0.971741835148	0.973923215357	0.976101314912	0.977984780314	0.979558016715	0.980774175118	0.982152601875	0.983075865517	0.984083049053	
error 0.0188561808316	0.0110470822578	0.00686002831761	0.00519417770516	0.00405759146563	0.0033493584923	0.00310685914626	0.00225513143309	0.00209853699466	0.00190209632649	0.00174337225134	0.00158098889747	0.00143211261464	0.00133796467484	0.00112708776027	0.0010624111528	0.0010334648701	0.000976173350708	
>> TA
color #0000ff
series 0.02	0.84246174318	0.898654678655	0.924341550078	0.9397334666	0.949420231907	0.956476729979	0.961683328573	0.965542780971	0.968889135748	0.971734319803	0.973938071865	0.975896794979	0.977579346767	0.979018711613	0.98026440919	0.98146231721	nan	
error 0.0163299316186	0.0014541511413	0.00237990657673	0.00121986456914	0.000720580453213	0.000813049642433	0.000546330966465	0.000819058305574	0.000575722566234	0.000536049268644	0.000365280957797	0.000317082924745	0.000416411297364	0.000185526048481	0.000204454545631	0.00017286983838	0.000174163834564	nan	
