# observed_species.txt
# Group
xaxis: 10.0	5010.0	10010.0	15010.0	20010.0	25010.0	30010.0	35010.0	40010.0	45010.0	50010.0	55010.0	60010.0	65010.0	70010.0	75010.0	80010.0	85010.0	
xmax: 90010.0
>> CK
color #ff0000
series 9.86666666667	1708.4	2427.9	2919.3	3279.1	3597.33333333	3851.2	4063.9	4261.26666667	4430.7	4584.53333333	4709.53333333	4838.53333333	4961.46666667	5066.33333333	5166.13333333	5258.06666667	5342.83333333	
error 0.0471404520791	84.5004536477	143.583634165	177.259940953	210.284426432	242.215844972	269.787187736	275.362197841	294.942619655	313.638294856	336.962849914	350.791337154	365.152592152	374.705015831	380.881069218	402.31099358	409.156077256	419.564173346	
>> TB
color #f27304
series 9.93333333333	1555.13333333	2232.76666667	2691.9	3055.33333333	3348.0	3609.73333333	3828.7	4021.36666667	4196.66666667	4353.86666667	4492.0	4633.03333333	4754.56666667	4867.13333333	4978.9	5079.36666667	5181.53333333	
error 0.0942809041582	8.75988330719	17.1204231516	19.5959179423	26.2132706001	26.3055127302	25.4561496608	37.1026503995	30.949672409	33.8786396159	33.543735961	37.8328781177	31.4156365879	44.7561044874	35.0888712969	41.9187308968	42.9241449795	47.0419906986	
>> TC
color #008000
series 9.76666666667	1308.7	1872.23333333	2256.96666667	2564.43333333	2801.86666667	3029.23333333	3211.36666667	3380.33333333	3520.2	3672.2	3790.5	3905.93333333	4009.06666667	4113.6	4199.4	4286.03333333	4370.83333333	
error 0.0942809041582	93.8785385485	139.187076348	167.307109499	191.439500162	211.4858125	233.069007425	228.184287121	244.01139773	259.825723643	268.950044928	279.638731223	278.224146248	291.899815386	293.063349238	299.254551622	307.074467986	313.901230043	
>> TA
color #0000ff
series 9.9	1467.76666667	2101.1	2536.3	2868.0	3142.26666667	3375.96666667	3583.8	3768.93333333	3932.2	4074.6	4212.66666667	4344.76666667	4458.43333333	4565.33333333	4666.46666667	4759.3	nan	
error 0.0816496580928	26.2808337429	48.1859592274	45.3036422377	50.6656359544	55.5050348067	54.4334660133	68.870458108	72.000200617	66.9407200439	66.2680918693	63.2018108039	76.0509624455	71.2666510758	74.6065382896	76.3959132124	71.6413753823	nan	
