# shannon.txt
# Group
xaxis: 10.0	5010.0	10010.0	15010.0	20010.0	25010.0	30010.0	35010.0	40010.0	45010.0	50010.0	55010.0	60010.0	65010.0	70010.0	75010.0	80010.0	85010.0	
xmax: 90010.0
>> CK
color #ff0000
series 3.29526142822	9.78145056465	10.0073412524	10.1050184997	10.156442281	10.1990775422	10.2240059563	10.2398614039	10.2563799366	10.2677735318	10.2782023733	10.2863096038	10.2931176479	10.2991883654	10.3060206554	10.3103880329	10.3134528807	10.3184402948	
error 0.00942809041582	0.123481504355	0.14834268118	0.150096989108	0.154050829233	0.158721286349	0.157548395284	0.15457839842	0.157764409171	0.159333918713	0.159415716078	0.163361066854	0.163329700986	0.162994487409	0.161443430305	0.164145187062	0.163049825349	0.163936207553	
>> TB
color #f27304
series 3.30859476156	9.47996809998	9.68369255283	9.77650264659	9.8253757713	9.86099711511	9.88674789834	9.90482311243	9.92126184151	9.93224791468	9.94186106571	9.94647860817	9.95465407395	9.96205129533	9.96636302575	9.97105522123	9.97537910659	9.97991120766	
error 0.0188561808316	0.00154306347024	0.00603334451934	0.00600363328634	0.00747409743021	0.00980614918232	0.00835801227465	0.00703602146732	0.00701046032845	0.00902088690337	0.005498497071	0.00984867692651	0.00644089704228	0.00918722090604	0.00729735909651	0.00646872910181	0.00672053200301	0.00687829037188	
>> TC
color #008000
series 3.27526142822	9.04190959986	9.22120522847	9.29654444819	9.33746491472	9.36549874578	9.39114183477	9.40051875013	9.4147138707	9.42382147224	9.43757251873	9.4388486808	9.44887833831	9.45477933672	9.45808246337	9.46210150326	9.46616238137	9.46930650419	
error 0.0188561808316	0.215236712778	0.227505919435	0.231254800913	0.231960856944	0.231463646884	0.239636144294	0.236665310106	0.235036237525	0.237819305804	0.236513041456	0.240068322074	0.23800178805	0.239470753429	0.240301973056	0.238897660632	0.240521241808	0.240087570634	
>> TA
color #0000ff
series 3.30192809489	9.34272691462	9.53840588732	9.62604585636	9.67343806005	9.70400359462	9.72865440129	9.74260248747	9.75776181579	9.77155899752	9.77803920313	9.78683112814	9.79266358897	9.79766955827	9.80189547076	9.80635359877	9.81048559319	nan	
error 0.0163299316186	0.0720031428658	0.0831791522669	0.0712901826851	0.0741649280062	0.0743332027602	0.0747990694344	0.0771843479227	0.0772703514641	0.0753637063616	0.0759243582398	0.0733261196627	0.0767722099987	0.0775306498639	0.0772804451526	0.0786730317301	0.0773898227636	nan	
