# shannon.txt
# SampleID
xaxis: 10.0	5010.0	10010.0	15010.0	20010.0	25010.0	30010.0	35010.0	40010.0	45010.0	50010.0	55010.0	60010.0	65010.0	70010.0	75010.0	80010.0	85010.0	
xmax: 90010.0
>> TC-1
color #6b440b
series 3.30192809489	9.09176120943	9.25700924415	9.33179146464	9.37839682645	9.4055639438	9.42586365008	9.43203638856	9.44855603645	9.45429385732	9.47300407651	9.47827859498	9.48627049296	9.49235647882	9.49575555024	9.50206956887	9.50430673447	9.50739361369	
error nan	nan	nan	nan	nan	nan	nan	nan	nan	nan	nan	nan	nan	nan	nan	nan	nan	nan	
>> TC-2
color #808080
series 3.26192809489	8.75693307588	8.92639715458	8.99734251342	9.03512630554	9.06411367268	9.08183226872	9.09619333138	9.11142924215	9.11851527327	9.13181840611	9.12710091683	9.14049510775	9.14451120992	9.14675128532	9.15158338694	9.15437112808	9.15807278632	
error nan	nan	nan	nan	nan	nan	nan	nan	nan	nan	nan	nan	nan	nan	nan	nan	nan	nan	
>> TC-3
color #02f40e
series 3.26192809489	9.27703451429	9.48020928667	9.56049936649	9.59887161215	9.62681862085	9.66572958549	9.67332653044	9.68415633348	9.69865528613	9.70789507359	9.7111665306	9.71986941422	9.72747032141	9.73174055454	9.73265155397	9.73980928156	9.74245311257	
error nan	nan	nan	nan	nan	nan	nan	nan	nan	nan	nan	nan	nan	nan	nan	nan	nan	nan	
>> TB-1
color #7cecf4
series 3.28192809489	9.48164465956	9.68747170376	9.78320542235	9.8334740347	9.86789475984	9.89059928256	9.9075582157	9.92861865283	9.93958101392	9.94886650975	9.95762947299	9.96185999446	9.96914225453	9.97293214333	9.97729258752	9.98159857215	9.98507883109	
error nan	nan	nan	nan	nan	nan	nan	nan	nan	nan	nan	nan	nan	nan	nan	nan	nan	nan	
>> TB-3
color #5da09e
series 3.32192809489	9.48033954259	9.68842795909	9.7776645742	9.82720939371	9.86796739615	9.89449999955	9.91174095787	9.92333911361	9.93762204216	9.94128118828	9.94813078366	9.955876439	9.96793429732	9.96997137603	9.97373206485	9.97849328027	9.98446448699	
error nan	nan	nan	nan	nan	nan	nan	nan	nan	nan	nan	nan	nan	nan	nan	nan	nan	nan	
>> TB-2
color #f49ac2
series 3.32192809489	9.47792009779	9.67517799565	9.76863794322	9.81544388548	9.84712918935	9.87514441292	9.89517016372	9.9118277581	9.91954068796	9.93543549911	9.93367556785	9.9462257884	9.94907733413	9.9561855579	9.96214101131	9.96604546734	9.97019030489	
error nan	nan	nan	nan	nan	nan	nan	nan	nan	nan	nan	nan	nan	nan	nan	nan	nan	nan	
>> CK-1
color #ff0000
series 3.28192809489	9.79593626323	10.0119908956	10.1128770017	10.1639489612	10.2122379928	10.2320699334	10.250516599	10.2735042762	10.2812409652	10.2889804844	10.2999697925	10.3049154992	10.3132585785	10.3178998326	10.3236793835	10.3263851752	10.3315687957	
error nan	nan	nan	nan	nan	nan	nan	nan	nan	nan	nan	nan	nan	nan	nan	nan	nan	nan	
>> CK-3
color #f27304
series 3.30192809489	9.62349558486	9.82337912121	9.9173847519	9.96412801097	9.99843863498	10.0271437976	10.0454397239	10.055166577	10.0662452626	10.0777929854	10.079753931	10.0874426105	10.0928988331	10.1026218669	10.1030361827	10.1076066062	10.1114181882	
error nan	nan	nan	nan	nan	nan	nan	nan	nan	nan	nan	nan	nan	nan	nan	nan	nan	nan	
>> CK-2
color #0000ff
series 3.30192809489	9.92491984586	10.1866537402	10.2847937456	10.3412498708	10.3865559987	10.4128041378	10.4236278888	10.4404689567	10.4558343675	10.4678336502	10.4792050879	10.4869948342	10.4914076847	10.4975402668	10.5044485326	10.5063668607	10.5123339004	
error nan	nan	nan	nan	nan	nan	nan	nan	nan	nan	nan	nan	nan	nan	nan	nan	nan	nan	
>> TA-2
color #91278d
series 3.32192809489	9.39716719525	9.59128608179	9.67224752196	9.72073665456	9.747110867	9.77306786994	9.79376398216	9.79937100944	9.81876670434	9.82617384949	9.83410191822	9.83984814567	9.84752967498	9.84878279448	9.85498641	9.85894051401	9.86220673975	
error nan	nan	nan	nan	nan	nan	nan	nan	nan	nan	nan	nan	nan	nan	nan	nan	nan	nan	
>> TA-3
color #ffff00
series 3.30192809489	9.39003107072	9.6029653551	9.68054972569	9.73086148963	9.76548284257	9.78959172289	9.80052629953	9.82446474479	9.83070843206	9.83709260015	9.84312810478	9.8537540807	9.85730887424	9.86394791969	9.86869921562	9.87124558767	nan	
error nan	nan	nan	nan	nan	nan	nan	nan	nan	nan	nan	nan	nan	nan	nan	nan	nan	nan	
>> TA-1
color #008000
series 3.28192809489	9.24098247788	9.42096622507	9.52534032143	9.56871603595	9.59941707428	9.62330361105	9.63351718072	9.64944969314	9.66520185615	9.67085115976	9.68326336143	9.68438854053	9.68817012559	9.69295569811	9.6953751707	9.7012706779	9.70455127682	
error nan	nan	nan	nan	nan	nan	nan	nan	nan	nan	nan	nan	nan	nan	nan	nan	nan	nan	
