# simpson.txt
# SampleID
xaxis: 10.0	5010.0	10010.0	15010.0	20010.0	25010.0	30010.0	35010.0	40010.0	45010.0	50010.0	55010.0	60010.0	65010.0	70010.0	75010.0	80010.0	85010.0	
xmax: 90010.0
>> TC-1
color #6b440b
series 0.898	0.995180688523	0.995203084628	0.995222427331	0.995270958724	0.995305042157	0.995278635212	0.995264542607	0.995249060642	0.995261701305	0.995297280156	0.995297171829	0.995303066219	0.995307826768	0.995307632446	0.995318376445	0.995314764288	0.995315008935	
error nan	nan	nan	nan	nan	nan	nan	nan	nan	nan	nan	nan	nan	nan	nan	nan	nan	nan	
>> TC-2
color #808080
series 0.894	0.993486225155	0.993504345804	0.993549997537	0.993569558549	0.993595413014	0.993632942746	0.993586690088	0.993648173685	0.993644004065	0.993664395375	0.9935977065	0.993640929034	0.993650228151	0.993641770032	0.993644673711	0.993646506691	0.993650003962	
error nan	nan	nan	nan	nan	nan	nan	nan	nan	nan	nan	nan	nan	nan	nan	nan	nan	nan	
>> TC-3
color #02f40e
series 0.894	0.996096621129	0.996202416963	0.996207959073	0.996227660283	0.996217504682	0.996294980203	0.996254068838	0.996254285841	0.99626904604	0.996260307547	0.99624842582	0.996264397582	0.996277381391	0.996272758227	0.996256238687	0.996274292141	0.996270613222	
error nan	nan	nan	nan	nan	nan	nan	nan	nan	nan	nan	nan	nan	nan	nan	nan	nan	nan	
>> TB-1
color #7cecf4
series 0.896	0.996407894789	0.996527963545	0.996611593159	0.996603379969	0.996610268488	0.996608997712	0.996623816381	0.996632949486	0.996634300576	0.996645590538	0.996662035668	0.996635885909	0.996647082066	0.996637810408	0.996637575107	0.996643916761	0.996641327872	
error nan	nan	nan	nan	nan	nan	nan	nan	nan	nan	nan	nan	nan	nan	nan	nan	nan	nan	
>> TB-3
color #5da09e
series 0.9	0.996481926367	0.996550865718	0.996571695263	0.996592929422	0.996634996541	0.996638670815	0.996629313647	0.996632151135	0.996650699213	0.996629850115	0.996622041419	0.996622874302	0.996652022605	0.996656006189	0.9966388896	0.996632882363	0.996641184958	
error nan	nan	nan	nan	nan	nan	nan	nan	nan	nan	nan	nan	nan	nan	nan	nan	nan	nan	
>> TB-2
color #f49ac2
series 0.9	0.996334301457	0.996406312968	0.996453587903	0.996496980395	0.996486518547	0.996482390575	0.996506827078	0.996519016959	0.996485044845	0.996550035164	0.996494673656	0.996502382803	0.996505459657	0.996508532327	0.996520629476	0.996520362839	0.996517496665	
error nan	nan	nan	nan	nan	nan	nan	nan	nan	nan	nan	nan	nan	nan	nan	nan	nan	nan	
>> CK-1
color #ff0000
series 0.896	0.997367165868	0.997446633287	0.997504537282	0.997515659961	0.997549247074	0.997555996496	0.99754770747	0.997551474791	0.9975645422	0.997547479026	0.997571024699	0.997559329458	0.997565751424	0.997563099409	0.997572805055	0.997563596389	0.997572979928	
error nan	nan	nan	nan	nan	nan	nan	nan	nan	nan	nan	nan	nan	nan	nan	nan	nan	nan	
>> CK-3
color #f27304
series 0.898	0.996767877419	0.996797198805	0.996883397744	0.996889709069	0.996889126317	0.996937841113	0.996907752068	0.996910653366	0.996929003854	0.996939477291	0.996921817755	0.996921501863	0.996923730097	0.996936995696	0.996926976577	0.996929012451	0.996929794638	
error nan	nan	nan	nan	nan	nan	nan	nan	nan	nan	nan	nan	nan	nan	nan	nan	nan	nan	
>> CK-2
color #0000ff
series 0.898	0.997412783216	0.997574908608	0.997627636206	0.997599432168	0.997630852817	0.99763268625	0.997605382589	0.997616916941	0.997611586968	0.997614451355	0.99763178343	0.997627781417	0.997635408049	0.997635404586	0.997632553139	0.997634376193	0.997635071642	
error nan	nan	nan	nan	nan	nan	nan	nan	nan	nan	nan	nan	nan	nan	nan	nan	nan	nan	
>> TA-2
color #91278d
series 0.9	0.995820207888	0.995862283571	0.99587024684	0.995888029998	0.99590166972	0.995931507003	0.99592950331	0.995880049733	0.995946550375	0.995909503962	0.995924576652	0.995923946353	0.995922289522	0.995902411313	0.995933793301	0.99593284882	0.995921567715	
error nan	nan	nan	nan	nan	nan	nan	nan	nan	nan	nan	nan	nan	nan	nan	nan	nan	nan	
>> TA-3
color #ffff00
series 0.898	0.995656957542	0.995841161835	0.99573044486	0.995834938603	0.995847665572	0.995850481251	0.995832616314	0.99585848889	0.995863226523	0.995856450225	0.995850360799	0.995855195494	0.9958649952	0.995871733181	0.995858152602	0.995860190892	nan	
error nan	nan	nan	nan	nan	nan	nan	nan	nan	nan	nan	nan	nan	nan	nan	nan	nan	nan	
>> TA-1
color #008000
series 0.896	0.994764235999	0.994811512164	0.995000802041	0.994946137626	0.994944159401	0.994952162675	0.994931562949	0.994954899741	0.994987477912	0.99497630184	0.995007334952	0.994985050123	0.994982627476	0.99496888944	0.994964148672	0.994962534258	0.994968587945	
error nan	nan	nan	nan	nan	nan	nan	nan	nan	nan	nan	nan	nan	nan	nan	nan	nan	nan	
