# simpson.txt
# Group
xaxis: 10.0	5010.0	10010.0	15010.0	20010.0	25010.0	30010.0	35010.0	40010.0	45010.0	50010.0	55010.0	60010.0	65010.0	70010.0	75010.0	80010.0	85010.0	
xmax: 90010.0
>> CK
color #ff0000
series 0.897333333333	0.997182608834	0.997272913567	0.997338523744	0.997334933733	0.997356408736	0.997375507953	0.997353614042	0.997359681699	0.997368377674	0.997367135891	0.997374875295	0.997369537579	0.99737496319	0.997378499897	0.997377444924	0.997375661678	0.997379282069	
error 0.000942809041582	0.000293850127131	0.000340433096964	0.000325722881373	0.000316673540355	0.000332093881064	0.000311056829522	0.000316150048829	0.00031863301935	0.000311277280648	0.000303633805127	0.000321318903608	0.000318039222005	0.00032033470997	0.000313583034268	0.000319461794494	0.000317147803462	0.000318844851115	
>> TB
color #f27304
series 0.898666666667	0.996408040871	0.99649504741	0.996545625442	0.996564429929	0.996577261192	0.996576686367	0.996586652368	0.99659470586	0.996590014878	0.996608491939	0.996592916914	0.996587047672	0.996601521443	0.996600782975	0.996599031394	0.996599053987	0.996600003165	
error 0.00188561808316	6.02677054544e-05	6.34375195834e-05	6.70877133011e-05	4.78844663343e-05	6.49540341255e-05	6.77687027477e-05	5.64896021409e-05	5.35211273886e-05	7.45263249318e-05	4.18316956241e-05	7.13614663366e-05	6.01023042019e-05	6.79558787822e-05	6.56526622616e-05	5.54411251974e-05	5.58250968686e-05	5.83409350046e-05	
>> TC
color #008000
series 0.895333333333	0.994921178269	0.994969949132	0.994993461314	0.995022725852	0.995039319951	0.99506885272	0.995035100511	0.995050506723	0.99505825047	0.995073994359	0.99504776805	0.995069464278	0.99507847877	0.995074053568	0.995073096281	0.99507852104	0.99507854204	
error 0.00188561808316	0.00108137288205	0.00111375075459	0.00109712015767	0.0010992697199	0.00108682945484	0.00109684923792	0.00110097232931	0.00107316444409	0.00108128180873	0.00107147325696	0.00109642750547	0.00108368944091	0.00108472236521	0.00108672107397	0.00108018198313	0.00108571704323	0.00108284676273	
>> TA
color #0000ff
series 0.898	0.995413800476	0.995504985857	0.995533831247	0.995556368742	0.995564498231	0.99557805031	0.995564560858	0.995564479454	0.995599084937	0.995580752009	0.995594090801	0.99558806399	0.995589970733	0.995581011311	0.995585364858	0.995585191323	nan	
error 0.00163299316186	0.000464121518815	0.000490435761046	0.000381205324346	0.000432042579362	0.000439199506472	0.000443803854458	0.000449341397169	0.000431127814021	0.000433807239066	0.000427959250297	0.000416003860575	0.000427317963937	0.000430093039105	0.000433016686126	0.000440350270608	0.000441283098554	nan	
