	sequences per sample	iteration	CK-1	CK-2	CK-3	TA-1	TA-2	TA-3	TB-1	TB-2	TB-3	TC-3	TC-2	TC-1
alpha_rarefaction_10_0.txt	10	0	55.0	55.0	55.0	55.0	55.0	55.0	55.0	55.0	55.0	55.0	55.0	55.0
alpha_rarefaction_10_1.txt	10	1	55.0	55.0	55.0	55.0	55.0	55.0	55.0	55.0	55.0	23.0	55.0	23.0
alpha_rarefaction_10_2.txt	10	2	55.0	55.0	55.0	55.0	55.0	55.0	55.0	55.0	55.0	55.0	23.0	55.0
alpha_rarefaction_10_3.txt	10	3	55.0	55.0	55.0	23.0	55.0	23.0	23.0	55.0	55.0	55.0	55.0	55.0
alpha_rarefaction_10_4.txt	10	4	55.0	23.0	55.0	55.0	55.0	55.0	55.0	55.0	55.0	23.0	55.0	55.0
alpha_rarefaction_10_5.txt	10	5	55.0	55.0	55.0	23.0	55.0	55.0	55.0	55.0	55.0	23.0	23.0	55.0
alpha_rarefaction_10_6.txt	10	6	55.0	55.0	55.0	55.0	55.0	55.0	23.0	55.0	55.0	55.0	55.0	55.0
alpha_rarefaction_10_7.txt	10	7	13.0	55.0	55.0	55.0	55.0	55.0	55.0	55.0	55.0	55.0	23.0	55.0
alpha_rarefaction_10_8.txt	10	8	55.0	55.0	55.0	55.0	55.0	55.0	55.0	55.0	55.0	55.0	55.0	55.0
alpha_rarefaction_10_9.txt	10	9	55.0	55.0	23.0	55.0	55.0	55.0	55.0	55.0	55.0	55.0	55.0	55.0
alpha_rarefaction_5010_0.txt	5010	0	3110.16494845	3705.12714777	2883.35093168	2514.40234375	2754.21969697	2622.86516854	2927.38521401	2865.88505747	2965.90252708	2789.59471366	2276.87684729	2337.40807175
alpha_rarefaction_5010_1.txt	5010	1	3232.7195572	3462.57446809	2910.99638989	2559.32773109	3013.76229508	2690.48828125	2957.95955882	2770.53076923	2893.22426471	2592.8	2229.34920635	2457.93
alpha_rarefaction_5010_2.txt	5010	2	3241.56569343	3426.01904762	2635.6187291	2739.95238095	2740.2804878	2669.60526316	2906.84758364	2829.13533835	3054.23828125	2773.52054795	2112.03030303	2622.46330275
alpha_rarefaction_5010_3.txt	5010	3	3018.67619048	3184.6637931	3084.43014706	2702.84647303	2647.35555556	2710.50996016	2984.28089888	2746.33779264	3096.87649402	2677.44541485	2385.26256983	2421.52727273
alpha_rarefaction_5010_4.txt	5010	4	3521.52173913	3427.13084112	2727.2804878	2649.00809717	2715.02247191	2745.41732283	2924.40697674	2834.93357934	3107.34444444	2494.18705036	2277.19337017	2408.89565217
alpha_rarefaction_5010_5.txt	5010	5	3103.89735099	3388.71559633	3025.36071429	2742.40963855	2597.72177419	2763.45136187	3071.75	2846.42335766	2867.20955882	2464.61445783	2054.15566038	2591.63551402
alpha_rarefaction_5010_6.txt	5010	6	3204.77852349	3323.23708207	2915.14238411	2825.6728972	2666.6744186	2748.5093633	3091.27380952	3002.275	3052.51190476	2936.98591549	2215.53448276	2321.58369099
alpha_rarefaction_5010_7.txt	5010	7	3180.35231317	3450.28037383	2964.64233577	2669.37704918	2688.2480315	2789.03370787	3109.0	2829.53231939	2979.75	2695.21338912	2299.23350254	2529.01716738
alpha_rarefaction_5010_8.txt	5010	8	3082.57446809	3424.62616822	2873.69642857	2609.0	2810.70886076	2603.5234375	2791.09246575	3129.10810811	2954.59459459	2831.85135135	2099.07246377	2400.24630542
alpha_rarefaction_5010_9.txt	5010	9	3494.25352113	3318.05232558	2880.5	2972.99118943	2495.80534351	2983.79452055	3190.78423237	2909.06569343	2924.7826087	2434.33333333	2413.5	2397.0733945
alpha_rarefaction_10010_0.txt	10010	0	3929.6443418	4664.79334917	3696.79	3543.74285714	3707.55555556	3683.21169916	3608.23214286	3868.456	4011.65633803	3190.66201117	3019.32046332	3094.21428571
alpha_rarefaction_10010_1.txt	10010	1	3924.92272727	4479.01363636	3743.71688312	3264.23978202	3818.44642857	3623.88948787	3868.07692308	3614.17005076	4055.33333333	3484.08	2794.56081081	3305.59090909
alpha_rarefaction_10010_2.txt	10010	2	3952.57109005	4538.08314088	3547.65525672	3246.57103064	3802.29881657	3776.99137931	3798.83333333	3975.53651685	3824.33333333	3314.98382749	2663.26351351	3291.1465798
alpha_rarefaction_10010_3.txt	10010	3	4054.86842105	4423.62355658	3664.73846154	3317.80108992	3600.16076294	3483.33695652	3982.2247191	3733.29133858	3886.04050633	3483.64705882	3044.12890625	3229.44012945
alpha_rarefaction_10010_4.txt	10010	4	3932.45971564	4375.65848214	3473.24113475	3645.56089744	3792.18584071	3584.8974359	3663.00246914	3741.35149864	3782.4025974	3386.19273743	3020.6259542	3227.08
alpha_rarefaction_10010_5.txt	10010	5	4079.23759791	4181.16015625	3613.359375	3592.66369048	3596.10285714	3452.83937824	4153.38135593	3884.15068493	4051.61173184	3335.45639535	2952.54651163	3339.87625418
alpha_rarefaction_10010_6.txt	10010	6	3793.40268456	4310.29106029	3834.9122807	3310.28125	3390.34316354	3584.85294118	3846.50938338	3585.16541353	4092.69642857	3638.81957187	2980.81954887	3245.29896907
alpha_rarefaction_10010_7.txt	10010	7	4115.11568123	4432.09513742	3706.67010309	3293.1212938	3635.63081395	3690.79494382	3804.88888889	3918.55675676	4160.65675676	3506.91930836	2918.03690037	3089.6
alpha_rarefaction_10010_8.txt	10010	8	3882.59016393	4249.13606911	3644.22365039	3440.37982196	3600.69863014	3745.6011236	3864.51657459	3567.66923077	4045.5989011	3230.55068493	2869.28458498	3094.9030303
alpha_rarefaction_10010_9.txt	10010	9	3884.59529412	4465.00461894	3786.16537468	3428.47910864	3613.52941176	3597.77310924	3686.11886305	3856.65648855	3781.4025974	3560.22701149	3140.83703704	3189.61801242
alpha_rarefaction_15010_0.txt	15010	0	4634.44602851	4851.88235294	4001.0310559	3858.5	3916.45305164	4205.23543689	4500.91982183	4076.9614561	4414.32258065	3795.9513382	3416.81024096	3671.95798319
alpha_rarefaction_15010_1.txt	15010	1	4601.55445545	4954.25	4096.63474388	3986.31308411	3917.36752137	4238.23614458	4165.6367713	4176.94130926	4153.11728395	4157.04123711	3380.55485893	3723.03651685
alpha_rarefaction_15010_2.txt	15010	2	4414.137577	4937.02018349	4120.53303965	3962.22815534	4219.70927318	3990.06164384	4523.23318386	4341.13707865	4461.22580645	3776.00234742	3337.68652038	3605.13350785
alpha_rarefaction_15010_3.txt	15010	3	4582.60606061	4924.82867133	4157.91004184	3867.3125	4158.8705036	4130.70379147	4459.66828087	4384.6943128	4384.17985612	4226.59230769	3109.32590529	3725.59893048
alpha_rarefaction_15010_4.txt	15010	4	4469.51461988	4737.56492411	4247.15486726	4031.71712159	4073.46428571	4197.50700935	4198.7	4292.08064516	4385.73824131	4123.19083969	3269.21846154	3983.42307692
alpha_rarefaction_15010_5.txt	15010	5	4289.47850467	4816.33333333	4054.45127119	3994.8540146	4203.93366093	3915.9627193	4257.26315789	4255.27136752	4490.62025316	3904.96073298	3257.05915493	3582.25454545
alpha_rarefaction_15010_6.txt	15010	6	4569.66666667	4926.56238698	4036.77440347	4158.54102564	4042.33658537	4360.48267898	4290.90021692	4440.00684932	4335.88841202	3874.37906977	3392.04885993	3648.37209302
alpha_rarefaction_15010_7.txt	15010	7	4566.47184466	4818.03743316	4201.36876356	3833.40420561	4131.88235294	4205.99045346	4428.328125	4142.37086093	4261.453125	3933.92592593	3340.74772036	3766.24668435
alpha_rarefaction_15010_8.txt	15010	8	4542.39337474	5033.77168142	4131.49364407	4029.76070529	4105.5	4153.60747664	4194.77568134	4269.27983539	4131.30891089	3978.94827586	3173.9502924	3833.28418231
alpha_rarefaction_15010_9.txt	15010	9	4460.54882812	4770.39813084	4125.13836478	3932.33333333	4064.44964871	4253.58690176	4455.65738758	4365.56944444	4289.2633833	3838.15402844	3507.23934426	3519.28532609
alpha_rarefaction_20010_0.txt	20010	0	4734.87052811	5285.85990338	4390.92366412	4393.36086957	4271.77821782	4498.42060086	4859.37037037	4553.13373253	4747.0	4250.47368421	3816.72807018	4202.02743142
alpha_rarefaction_20010_1.txt	20010	1	5071.01544402	5267.65742251	4393.49129594	4292.00649351	4450.75204918	4372.9154013	4561.23529412	4764.7926078	4904.10721248	4408.89473684	3660.99709302	4033.2970297
alpha_rarefaction_20010_2.txt	20010	2	4809.48555957	5044.0801964	4480.02057613	4530.95671982	4571.7972973	4467.39489194	4790.11660079	4684.70414201	4924.4382716	4287.34712644	3549.38618926	4138.11111111
alpha_rarefaction_20010_3.txt	20010	3	4862.11731844	5339.28140704	4306.12572534	4198.04506438	4512.95679012	4415.0547046	4752.24031008	4665.4368932	4802.82546201	4273.25373134	3827.66570605	4013.76339286
alpha_rarefaction_20010_4.txt	20010	4	4888.10185185	5039.56896552	4366.06779661	4477.52232143	4417.8815261	4495.23255814	4739.56896552	4625.46904315	4669.0505618	4298.05117271	3784.50857143	4129.89411765
alpha_rarefaction_20010_5.txt	20010	5	4866.81081081	5524.43367347	4635.07453416	4195.27956989	4325.99416342	4460.40169133	4479.56285178	4816.10147992	4650.46927374	4108.5625	3856.44092219	4240.03350515
alpha_rarefaction_20010_6.txt	20010	6	5016.43811395	5549.06122449	4248.73025048	4304.63409563	4592.54366812	4521.09036145	4774.62476548	4579.7661597	4856.0	4409.11349036	3615.45189504	4324.89030612
alpha_rarefaction_20010_7.txt	20010	7	4868.1205036	5326.96141479	4451.45816733	4073.84567901	4290.43478261	4619.01265823	4669.46052632	4616.30645161	4712.26508227	4346.63636364	3761.53179191	4227.35
alpha_rarefaction_20010_8.txt	20010	8	4880.40917782	5579.83044983	4422.60227273	4348.63829787	4302.91	4422.14072495	4735.84210526	4625.42362525	4771.28076923	4369.67381974	3484.83631714	4222.16504854
alpha_rarefaction_20010_9.txt	20010	9	4950.62476895	5108.65163297	4542.15984405	4291.51265823	4549.51230425	4400.15051546	4776.84023669	4804.81563126	4639.4	4308.03571429	3781.85028249	3963.92344498
alpha_rarefaction_25010_0.txt	25010	0	5211.00502513	5798.16640747	4615.92438563	4745.62203024	4642.50092421	4843.32110092	4788.43243243	4820.26315789	4936.41	4540.79754601	3902.16923077	4321.60674157
alpha_rarefaction_25010_1.txt	25010	1	5166.87987013	5754.20700152	4631.61974406	4616.83962264	4670.29607843	4676.96103896	4673.31986532	5097.83752418	5059.61063465	4529.01234568	3853.30154639	4240.04310345
alpha_rarefaction_25010_2.txt	25010	2	5240.15964912	5495.43730887	4795.57965451	4512.75984252	4749.00588235	4681.12730627	4922.10204082	5048.8657845	5004.88888889	4685.17567568	4002.10723861	4409.4628821
alpha_rarefaction_25010_3.txt	25010	3	5468.58216783	5622.15959004	4651.60540541	4587.50679612	4787.87090164	4826.25585938	4905.73702422	5078.95953757	5050.49822064	4574.29896907	3801.30548926	4375.63758389
alpha_rarefaction_25010_4.txt	25010	4	5281.04429302	5789.05381166	4570.63422819	4579.96138996	4959.84061135	4767.87689394	4984.93559928	5206.90091743	5257.44401544	4614.47657841	3857.73979592	4425.18837209
alpha_rarefaction_25010_5.txt	25010	5	5412.88255613	5625.78538103	4601.75631769	4379.06088561	5008.23799127	4692.95984704	4900.12568306	5215.14092664	4960.17647059	4795.78586279	4104.82849604	4227.45263158
alpha_rarefaction_25010_6.txt	25010	6	5032.94694534	5693.46266471	4652.96167883	4623.87549407	4633.07976654	4959.49382716	5109.97058824	5099.58396947	5027.91985428	4702.90909091	3729.54098361	4423.08219178
alpha_rarefaction_25010_7.txt	25010	7	5312.36792453	5834.76981707	4853.7679558	4583.59840954	4510.26654064	4979.22535211	4983.18838028	5075.81370826	5150.94774775	4520.40594059	3741.52358491	4210.69868996
alpha_rarefaction_25010_8.txt	25010	8	5004.96046129	5703.87051482	4800.20192308	4556.43378119	4994.47169811	5019.375	4881.88848263	4779.88461538	5276.48884758	4468.85880077	3832.7735369	4297.70860927
alpha_rarefaction_25010_9.txt	25010	9	5125.56976744	5576.66255778	4801.84456929	4645.53433476	4776.62862669	4596.2849162	5136.01526718	4957.70718232	5297.35261194	4516.36363636	3962.51752022	4411.15529412
alpha_rarefaction_30010_0.txt	30010	0	5512.95616883	6023.33480176	4755.63851351	4838.54425612	4919.95323741	5035.79852126	5220.4	5357.00181818	5453.37823834	5062.38326848	4031.22516556	4586.50204082
alpha_rarefaction_30010_1.txt	30010	1	5517.93939394	6069.00873362	4700.23247863	4999.70114943	5017.05607477	4975.65406427	5410.07653061	5148.36046512	5423.43174061	4988.07633588	4056.7182448	4621.84221311
alpha_rarefaction_30010_2.txt	30010	2	5645.54878049	6079.70234604	4905.60033727	4886.84069098	4970.61452514	5208.50549451	5240.60173913	5104.10234899	5106.28019324	4718.38808664	4017.13585746	4620.04216867
alpha_rarefaction_30010_3.txt	30010	3	5515.48188976	6114.56631893	4877.69639794	4965.67178503	5127.96153846	5212.6245283	5345.75247525	5286.21651376	5210.5	4981.22485207	4210.15827338	4562.27083333
alpha_rarefaction_30010_4.txt	30010	4	5309.19818457	6144.76845152	4766.09401709	4814.33395522	4831.99621928	4919.40651801	5355.02702703	5140.18469218	5272.92393027	5025.22645291	4032.64464692	4651.21875
alpha_rarefaction_30010_5.txt	30010	5	5590.03986711	5861.32853026	4747.01631321	4850.23653846	4940.55159475	5051.58504673	5289.56432247	5255.1758794	5391.64924115	4878.68411215	4014.80176211	4463.77118644
alpha_rarefaction_30010_6.txt	30010	6	5297.85381026	6228.36144578	4942.30985915	4760.95849057	5141.91295938	5017.48375451	5325.44385965	5506.84509466	5338.73993289	5098.32346723	4145.12315271	4599.2704918
alpha_rarefaction_30010_7.txt	30010	7	5498.67802385	6270.01783061	4996.57221207	4939.26029963	4949.16730038	4943.95729537	5161.53518822	5384.3826087	5462.00535714	4839.21361059	3880.3258427	4509.40078585
alpha_rarefaction_30010_8.txt	30010	8	5486.26511628	5859.18607955	4984.37258348	5001.95266272	4857.86785714	4922.14132379	5313.83333333	5363.77540107	5326.55740433	4795.55432781	4301.93796526	4584.92464358
alpha_rarefaction_30010_9.txt	30010	9	5422.91344668	5722.64493759	4721.56612903	4712.00531915	4877.15343915	5138.05978261	5442.29601518	5246.93015332	5234.08757962	4932.06156716	4129.93069307	4574.14925373
alpha_rarefaction_35010_0.txt	35010	0	5528.01756955	6062.30865922	5206.83876812	4977.48771267	5300.10307414	5236.51690821	5727.56315789	5301.38714992	5926.44483363	4964.48897059	4151.75806452	4711.44117647
alpha_rarefaction_35010_1.txt	35010	1	5736.89010989	6209.8457223	5039.01579779	5083.07821229	5349.13924051	5151.08264463	5459.52801358	5587.82666667	5506.25480769	5097.71214953	4310.7571116	4713.60576923
alpha_rarefaction_35010_2.txt	35010	2	5577.53731343	6195.46444122	4936.07258065	5047.73674589	5132.18035714	5227.85051546	5374.47949527	5669.6731794	5731.9486755	5265.05534351	4453.89018692	4815.24894515
alpha_rarefaction_35010_3.txt	35010	3	5667.08610272	6285.89583333	4942.00983607	4919.39032815	5355.23339318	5322.89130435	5434.72259136	5620.91564148	5513.56923077	5067.44714038	4343.4091954	4707.49129594
alpha_rarefaction_35010_4.txt	35010	4	5861.38240271	6321.10204082	5130.51602024	4983.25978648	5122.45974955	5160.80279232	5571.62229617	5501.52854812	5574.61138211	4986.85585586	4373.63087248	4891.69428008
alpha_rarefaction_35010_5.txt	35010	5	5772.00151515	6051.08288043	4980.44463087	5004.07977737	5318.4264432	5294.73549488	5462.17361111	5417.12618297	5581.91891892	5137.26056338	4258.38383838	5045.25462012
alpha_rarefaction_35010_6.txt	35010	6	5674.0	6317.1884273	5041.03150912	5031.89165187	5245.72813688	5187.7006689	5720.13827993	5411.83870968	5746.01957586	4946.79646018	4386.50471698	4774.52868852
alpha_rarefaction_35010_7.txt	35010	7	5613.72960725	6196.86676017	5156.25	4980.33050847	5111.58361775	5331.64798599	5707.12816189	5473.39108911	5901.83276451	4979.68617021	4323.82894737	4943.07188161
alpha_rarefaction_35010_8.txt	35010	8	5663.90909091	6233.16430595	4907.19508449	4956.80483592	5514.22346369	5261.18838028	5551.81045752	5576.67980296	5487.15321252	5042.42537313	4397.70681818	4763.06118547
alpha_rarefaction_35010_9.txt	35010	9	5862.37850467	5979.08955224	5062.09703947	5095.06521739	5370.78228782	5398.43617021	5374.96623794	5516.69439728	5845.35748792	5290.85233645	4457.45814978	4846.29449153
alpha_rarefaction_40010_0.txt	40010	0	5930.98847262	6017.30982368	5040.02255639	5266.36967632	5573.51492537	5631.49328859	5632.232	5738.02369668	5805.05084746	5301.0017094	4517.72427984	4753.76534296
alpha_rarefaction_40010_1.txt	40010	1	5818.64102564	6492.42175066	5154.22042139	5365.55166052	5375.60176991	5404.14733542	5839.3442623	5694.44736842	5689.41317365	5311.42582897	4443.23255814	4964.68239564
alpha_rarefaction_40010_2.txt	40010	2	5929.60986547	6274.20212766	5281.5106383	5121.44501718	5518.96276596	5493.19063545	5685.4453125	5565.01569859	5778.86818182	5228.10896309	4545.50539957	4785.11012433
alpha_rarefaction_40010_3.txt	40010	3	5765.83090379	6295.63185379	5353.48869565	5212.25432526	5256.25167785	5585.34703947	5866.31527094	5710.04038772	5581.9702381	5253.82010582	4455.4626556	4869.17169811
alpha_rarefaction_40010_4.txt	40010	4	5987.0619469	6451.08725762	5158.30894309	5372.58122744	5337.56492411	5453.08389262	5819.97774245	5585.19620253	5639.49016641	5531.05598456	4455.6835443	4839.4692029
alpha_rarefaction_40010_5.txt	40010	5	5837.77089337	6376.04638472	5276.54929577	5332.9204947	5290.52284264	5523.59738134	5795.79304636	5650.22852512	6000.52427184	5292.60940325	4341.50095969	5104.27852998
alpha_rarefaction_40010_6.txt	40010	6	5931.8483965	6311.56449553	5123.26971609	5435.67777778	5470.82867133	5289.18042813	5568.28593272	5705.30595813	5783.49775785	5367.42984014	4377.95294118	4787.88616462
alpha_rarefaction_40010_7.txt	40010	7	5966.94339623	6308.07190413	5020.72894334	5489.33962264	5570.39001848	5482.3592233	5840.57575758	5768.45098039	5862.80193237	5143.88739496	4476.09090909	4963.45283019
alpha_rarefaction_40010_8.txt	40010	8	5919.60425532	6470.16033755	5093.00162338	5260.47079646	5538.94076655	5417.21884984	5585.56230032	5844.84210526	5886.92990654	5158.80310881	4451.67515924	5029.39884393
alpha_rarefaction_40010_9.txt	40010	9	5844.53988604	6186.83001328	5089.04501608	5214.17414722	5502.02581756	5397.6109215	5862.63054187	5643.74883721	5632.06153846	5354.77757685	4357.1875	4795.208981
alpha_rarefaction_45010_0.txt	45010	0	6161.24137931	6501.65449804	5368.10248447	5465.38983051	5585.72895623	5739.08681135	5808.0	5852.44954128	5847.47254335	5267.50909091	4552.78557114	5165.29038462
alpha_rarefaction_45010_1.txt	45010	1	6112.65778401	6509.5006402	5460.17007874	5352.30278232	5580.0	5570.19611021	5845.06534954	6080.8438949	6135.22005988	5413.63855422	4512.56931608	5072.85352622
alpha_rarefaction_45010_2.txt	45010	2	6045.46906475	6526.00384123	5324.10049423	5524.10193322	5568.36486486	5869.2972973	5742.48826291	5787.02373887	6023.65667166	5423.10684474	4393.31337325	5071.23985891
alpha_rarefaction_45010_3.txt	45010	3	6016.16828929	6499.74614306	5420.11483254	5470.90052356	5533.08237232	5492.00161031	6089.44894652	5959.9823435	5940.48191027	5423.84380306	4606.28834356	5215.77372263
alpha_rarefaction_45010_4.txt	45010	4	6185.25	6553.39374185	5200.18965517	5414.60176991	5940.9	5743.36717428	5894.20673813	5901.81612903	5905.5119403	5440.76156584	4583.63729508	5092.94483986
alpha_rarefaction_45010_5.txt	45010	5	5879.70588235	6724.45365169	5296.87563025	5436.1445993	5568.93376414	5511.44075829	5907.14741641	5888.84313725	6028.11700468	5382.53476821	4682.3647541	5015.3943662
alpha_rarefaction_45010_6.txt	45010	6	6081.74641834	6575.82275132	5226.68611987	5566.07979626	5526.46067416	5436.74730354	5667.22303207	5703.12139605	5967.69369369	5402.10837438	4381.40796964	5185.20035149
alpha_rarefaction_45010_7.txt	45010	7	6035.54674221	6524.97622028	5325.32061069	5414.82352941	5623.6391231	5684.51751592	6015.48648649	5820.00444444	5825.12107623	5177.62269939	4330.20637899	4951.19425676
alpha_rarefaction_45010_8.txt	45010	8	5980.03106509	6552.53271028	5268.40723982	5289.64418212	5707.15652174	5740.46655518	5873.0988024	5839.97007874	5799.75431034	5250.55382215	4597.942	4907.97989031
alpha_rarefaction_45010_9.txt	45010	9	5850.89787798	6641.32176235	5199.58167939	5458.86868687	5805.57043478	5561.39102564	5877.165625	5933.41491086	6003.91428571	5245.95552147	4460.53024194	4974.34774775
alpha_rarefaction_50010_0.txt	50010	0	6163.80649718	6731.45660377	5364.98746082	5559.15	6019.25	5656.64253394	5800.18810512	6019.15805471	6086.87737226	5631.48275862	4560.40697674	5240.94207836
alpha_rarefaction_50010_1.txt	50010	1	6313.47547684	6664.06658596	5326.78855326	5435.80674847	5823.23271501	5577.890625	6079.45083207	6184.26858877	6359.28614458	5642.92294521	4892.5661157	5206.43664384
alpha_rarefaction_50010_2.txt	50010	2	6166.96270718	6635.6080207	5482.3672496	5612.20486111	5704.43809524	5598.11377246	5976.63622754	5973.70597015	6070.72439759	5364.90151515	4685.20547945	5194.40526316
alpha_rarefaction_50010_3.txt	50010	3	6219.53701016	6643.83668342	5408.00477707	5457.56077796	5745.67171717	5666.22169811	6047.63308271	5968.7	6214.97205882	5406.34046053	4781.7311609	5242.41595925
alpha_rarefaction_50010_4.txt	50010	4	6245.6937931	6605.03473945	5308.31958763	5605.09121061	5640.61455108	5778.24363057	6141.8490566	6163.23538462	5911.77166437	5766.45901639	4911.57287449	5260.28983051
alpha_rarefaction_50010_5.txt	50010	5	5979.18579235	6614.64728682	5426.0	5579.22852234	5682.19512195	5779.89814815	6086.65625	6042.78666667	6128.13850837	5505.00980392	4677.22460938	5384.65719361
alpha_rarefaction_50010_6.txt	50010	6	6052.35285914	6669.19444444	5404.14528594	5681.26929674	5667.24261275	5747.60904685	5955.51263001	5864.84187408	5893.85714286	5236.02272727	4675.00814664	5430.40384615
alpha_rarefaction_50010_7.txt	50010	7	6248.28	6985.31174089	5174.14325843	5660.67171717	5684.9859375	5726.71107784	6048.37481481	6362.2605753	6243.8438949	5686.08306189	4704.625	5059.26633166
alpha_rarefaction_50010_8.txt	50010	8	6051.23498695	6725.0	5346.37557252	5790.74363328	5942.63247863	5715.38390093	6415.43842365	6188.68322981	6123.46296296	5570.00154799	4630.6108871	5141.77090301
alpha_rarefaction_50010_9.txt	50010	9	6123.55540356	6509.53836634	5484.16055046	5546.04326123	5822.825	5771.86277603	5950.53001464	5898.46727549	6333.01490313	5620.41666667	4658.99223301	5266.171875
alpha_rarefaction_55010_0.txt	55010	0	6131.04897959	6779.1898263	5456.16543575	5584.75862069	5894.978125	5719.02248876	6107.11661808	5962.94883041	6350.89787234	5806.16745656	4947.24291498	5133.58908507
alpha_rarefaction_55010_1.txt	55010	1	6330.62983425	6785.00365408	5397.83783784	5737.05015674	5865.27804878	6146.17803661	6207.73394495	6143.07488987	6134.86720867	5533.59705882	4705.07948244	5419.59197324
alpha_rarefaction_55010_2.txt	55010	2	6400.80504909	6638.61820331	5515.00160256	5504.13043478	6118.7972973	5808.54307692	6080.57754801	6077.82231405	6167.6849711	5456.31578947	4874.23425197	5432.16809605
alpha_rarefaction_55010_3.txt	55010	3	6195.03743316	6718.31004902	5373.2602118	5648.9015873	6085.1663837	5846.06033183	6147.7	6297.27205882	6200.03366059	5792.28409091	4844.78723404	5170.2048
alpha_rarefaction_55010_4.txt	55010	4	6202.18630137	6773.79847909	5426.73913043	5760.03409091	5773.12439418	5689.23308271	6163.16302766	6251.65789474	6280.53744493	5637.75154321	4814.73333333	5511.28571429
alpha_rarefaction_55010_5.txt	55010	5	6348.24684432	6802.60465116	5609.19709208	5806.25370675	5882.44427245	5847.477306	6046.31355932	6307.62886598	6405.69777778	5505.54307692	4853.11976048	5329.32758621
alpha_rarefaction_55010_6.txt	55010	6	6186.04945055	6802.05535055	5372.25316456	5720.48076923	5952.71606864	5805.92307692	6260.06165414	6213.06976744	6142.73955432	5514.53643411	4795.22326454	5341.17355372
alpha_rarefaction_55010_7.txt	55010	7	6148.20619946	6810.18102372	5357.22205438	6028.68439108	5728.21396055	5849.35258359	6186.90446841	6251.51492537	6420.19815668	5862.09359606	4859.41119691	5412.56185567
alpha_rarefaction_55010_8.txt	55010	8	6288.75862069	6783.0815822	5505.97826087	5585.08074534	5890.46976744	6029.90369181	6316.11826347	6129.0	6349.16787265	5583.55399061	4687.71875	5491.90322581
alpha_rarefaction_55010_9.txt	55010	9	6094.6227154	6888.44968153	5350.07947977	5827.82258065	6029.96116505	5982.63751987	6089.14117647	6131.06069364	6538.05	5665.14918759	4626.21072089	5263.04361874
alpha_rarefaction_60010_0.txt	60010	0	6288.12231183	7182.85620053	5433.58011869	5923.41935484	5921.80084746	5987.31515152	6384.23165468	6431.1133429	6398.58149171	5639.80655226	4841.21390374	5401.78877888
alpha_rarefaction_60010_1.txt	60010	1	6449.46675532	6949.54037267	5399.62068966	5745.64006024	5950.1198786	6139.79573171	6258.98321678	6395.19587629	6418.32857143	5834.01572327	4849.90282686	5598.43247863
alpha_rarefaction_60010_2.txt	60010	2	6299.69382392	6914.16425121	5426.29359165	5916.62794349	5956.21524664	5975.24964337	6168.67048711	6506.44108761	6287.0	5675.4	5014.82725528	5555.55704698
alpha_rarefaction_60010_3.txt	60010	3	6506.42622951	6804.66828087	5496.03988604	5861.8048	5895.00578035	6146.36650869	6267.32635983	6327.51641791	6279.26792963	5776.03554869	4768.85791367	5470.4760274
alpha_rarefaction_60010_4.txt	60010	4	6325.36363636	6902.421875	5513.6398243	5779.47900467	5909.07566766	6020.06042296	6168.48285322	6256.45557123	6518.59830269	5719.60986547	4713.87323944	5445.19063545
alpha_rarefaction_60010_5.txt	60010	5	6182.6378866	7071.79699248	5588.02752294	5766.22555205	6083.125	5905.47971014	6041.12330623	6259.85656292	6466.12760055	5749.90292758	4825.07678571	5489.75993377
alpha_rarefaction_60010_6.txt	60010	6	6241.69191271	6820.86046512	5440.80234261	5832.39781591	6116.18314425	6068.41984733	6413.55725191	6274.73624824	6433.41151079	5704.44207317	4940.53258845	5396.54153355
alpha_rarefaction_60010_7.txt	60010	7	6394.25641026	6838.36522754	5624.72741194	5762.03231018	5831.41729894	6153.67082683	6217.6230441	6243.58902077	6295.20491803	5696.96136012	4858.16457961	5346.13050571
alpha_rarefaction_60010_8.txt	60010	8	6291.46726573	6843.28518519	5545.79376855	5732.53106509	6075.28679818	6050.47988077	6451.48104956	6265.75	6392.8782235	5724.00150602	4859.5	5502.83645656
alpha_rarefaction_60010_9.txt	60010	9	6301.68041237	6857.46007151	5536.24961715	5632.17808219	6097.08474576	6111.10232558	6280.65767045	6349.97226277	6168.0198939	5765.85903084	4829.26678445	5480.87275693
alpha_rarefaction_65010_0.txt	65010	0	6405.60225847	6986.02408257	5683.67567568	5866.50464396	6065.97260274	5972.16877637	6400.77118644	6461.0256776	6409.99061662	5960.41616766	4923.75488455	5512.08585056
alpha_rarefaction_65010_1.txt	65010	1	6400.28978008	7122.2810219	5536.06696429	5963.33487654	6058.51047904	6111.63663664	6332.52066116	6505.49851632	6408.00382166	5740.1915493	5003.40883978	5537.78301887
alpha_rarefaction_65010_2.txt	65010	2	6376.00767263	6956.07242991	5473.85195155	5901.51769912	6110.53043478	6052.34421365	6347.28571429	6188.02796272	6524.26729986	5835.73763118	5015.12873134	5475.9193038
alpha_rarefaction_65010_3.txt	65010	3	6446.7767624	6863.03222094	5586.24597365	6140.60761589	6022.21068249	6232.4641791	6236.6369863	6404.0915493	6558.09537167	5893.5238806	5034.75438596	5749.67171717
alpha_rarefaction_65010_4.txt	65010	4	6479.25745257	6973.64547677	5784.57534247	5920.34259259	6209.89235569	6051.72086331	6489.49567723	6413.24645892	6315.35974843	5755.31927711	4908.28308824	5498.1572327
alpha_rarefaction_65010_5.txt	65010	5	6235.88888889	6920.56557377	5473.83573487	5756.16071429	6168.29503106	6145.0877193	6425.65738162	6479.28034682	6718.18681319	5779.00895522	4939.5630713	5577.42610063
alpha_rarefaction_65010_6.txt	65010	6	6466.10358566	7079.73638614	5658.32473445	6055.25714286	6077.50226244	6228.90648567	6442.46971935	6487.24675325	6418.44652406	5808.86950147	4899.09838998	5574.94660194
alpha_rarefaction_65010_7.txt	65010	7	6408.66666667	6870.50689655	5539.43884892	5970.35429448	5992.76005747	6042.05769231	6238.31206657	6375.71809257	6360.46551724	5793.99693721	4932.89417989	5574.01265823
alpha_rarefaction_65010_8.txt	65010	8	6467.0013369	6904.98319328	5697.92825112	5973.01572327	6223.14483821	6132.58017493	6548.01178203	6301.15352697	6542.00839161	5807.43589744	4967.54311927	5534.89922481
alpha_rarefaction_65010_9.txt	65010	9	6465.64583333	7209.79782082	5684.96920821	6060.55226209	6227.79320988	6028.72594752	6596.83787661	6316.82278481	6569.70224719	5753.77647059	4893.35175879	5483.98130841
alpha_rarefaction_70010_0.txt	70010	0	6446.67809058	7164.00364078	5627.18032787	6004.74193548	6215.9544808	6276.56387665	6669.77350427	6666.56164384	6445.00130208	5971.87039764	4958.36131387	5739.87980769
alpha_rarefaction_70010_1.txt	70010	1	6397.86206897	7138.93189964	5615.95035461	5972.21597633	6068.32398317	6267.19497784	6534.98601399	6760.97503671	6561.58333333	5953.63241679	4966.41330998	5693.91935484
alpha_rarefaction_70010_2.txt	70010	2	6533.34015345	7030.53017751	5652.31818182	6179.45904173	6195.24925816	6273.74381368	6474.88694482	6452.20138889	6597.2740448	5813.05217391	5226.12387792	5708.12202853
alpha_rarefaction_70010_3.txt	70010	3	6560.45736434	6904.90238365	5681.07338129	6071.06824926	6195.11206897	6301.78688525	6515.83628922	6571.6013986	6493.19602649	6001.95096582	5061.31578947	5627.28548896
alpha_rarefaction_70010_4.txt	70010	4	6526.50189155	7062.76717113	5473.8551532	5949.84693878	6255.31818182	6203.84210526	6456.48228883	6591.58022923	6585.12449799	5919.61270802	5222.83269962	5700.88178914
alpha_rarefaction_70010_5.txt	70010	5	6484.00744417	7049.50115741	5703.95522388	6070.60902256	6230.07680723	6251.25574713	6501.85656292	6341.85948158	6488.57236842	5937.29577465	5044.38035714	5578.26717557
alpha_rarefaction_70010_6.txt	70010	6	6615.02792553	7062.96924829	5651.4420904	5948.56880734	6088.47482014	6218.30735931	6526.36657303	6451.90650407	6522.24547804	5904.72321429	5158.53521127	5700.14733542
alpha_rarefaction_70010_7.txt	70010	7	6500.19129288	7030.85416667	5732.72173913	6074.65671642	6014.85488506	6278.73134328	6415.43131868	6504.36935705	6570.29183956	5935.34508076	5082.98598949	5801.93376414
alpha_rarefaction_70010_8.txt	70010	8	6482.77777778	6953.4805492	5617.05907781	6055.66616314	6305.60557185	6304.7437408	6473.78461538	6582.36728838	6609.04862024	5769.53922967	5072.34548611	5623.4048
alpha_rarefaction_70010_9.txt	70010	9	6643.41666667	6903.45571096	5660.32853026	6104.0777605	6152.26576577	6124.54676259	6432.16504854	6681.32621951	6471.273794	5955.4720121	5220.02355072	5645.61443932
alpha_rarefaction_75010_0.txt	75010	0	6533.16259169	7240.67370892	5700.984375	6233.62461538	6287.71732955	6362.92011412	6476.08730159	6683.92551724	6721.09864865	5991.96661829	5250.22099448	5785.4511041
alpha_rarefaction_75010_1.txt	75010	1	6636.73596939	7198.54819977	5600.2837274	6089.81007194	6430.28251121	6203.29329609	6520.67901235	6592.3310992	6536.03645833	6073.9132948	5040.34251291	5716.05255023
alpha_rarefaction_75010_2.txt	75010	2	6662.15831135	7016.86148649	5707.48920863	6245.12593703	6380.65315315	6326.75108538	6571.54166667	6597.90871369	6833.89473684	5949.03960396	5192.38586957	5620.07328244
alpha_rarefaction_75010_3.txt	75010	3	6645.3671199	7122.81618497	5721.99270073	6206.65217391	6142.16975749	6316.97289586	6441.17777778	6697.82734807	6960.62747875	6081.28	5133.0626087	5766.6953125
alpha_rarefaction_75010_4.txt	75010	4	6551.61720698	7235.28384798	5724.93804035	6071.06891496	6462.83856502	6245.20958904	6524.30434783	6398.68660598	6547.51069182	5827.97916667	5156.79861111	5776.33800623
alpha_rarefaction_75010_5.txt	75010	5	6754.08707124	7156.21634062	5572.38770053	6159.37481481	6182.53769559	6308.56302521	6534.83554377	6550.11764706	6634.24453024	5865.02876712	5174.51001821	5678.6921875
alpha_rarefaction_75010_6.txt	75010	6	6551.22420382	7014.87831858	5667.14285714	6086.91818182	6210.87589158	6434.15239478	6624.50463576	6678.60187668	6639.38659794	6005.80372493	5177.01446655	5626.01468429
alpha_rarefaction_75010_7.txt	75010	7	6615.70713392	7183.89774078	5756.34738372	6184.29066265	6351.98847262	6385.4670571	6672.12449799	6607.75138889	6738.04878049	6001.50436047	5107.73287671	5637.90015129
alpha_rarefaction_75010_8.txt	75010	8	6575.70971867	7117.22536806	5722.60114778	6024.92173913	6243.54676259	6356.97054492	6681.29483696	6557.36947791	6636.18361955	5845.05405405	5011.153457	5740.02715655
alpha_rarefaction_75010_9.txt	75010	9	6579.13274336	7264.97156398	5626.68888889	6331.30696203	6275.46958982	6422.37610619	6794.06302521	6579.64534075	6680.76184379	5991.6419214	5111.98984772	5732.88923077
alpha_rarefaction_80010_0.txt	80010	0	6623.6460396	7187.83617747	5669.12038304	6163.15655853	6378.07102273	6382.51585014	6744.64181092	6743.15268226	6801.31904161	6140.13023952	5141.25380711	5806.24345146
alpha_rarefaction_80010_1.txt	80010	1	6736.4611399	7264.69618834	5659.26514132	6111.55988456	6458.80029155	6330.79830748	6705.58333333	6655.83580081	6847.3491656	6162.13055954	5193.23498233	5785.04992436
alpha_rarefaction_80010_2.txt	80010	2	6784.42153048	7081.09090909	5765.26722925	6167.74750357	6343.83146067	6447.92011412	6738.15667575	6779.69642857	6751.13341804	6113.92732558	5097.14236707	6107.48657718
alpha_rarefaction_80010_3.txt	80010	3	6587.8865598	7108.38606195	5707.60958904	6254.16814159	6331.17403709	6333.20251397	6699.128	6737.0137931	6736.11390728	6068.03960396	5207.45768566	5797.67857143
alpha_rarefaction_80010_4.txt	80010	4	6622.89950372	7216.37037037	5697.02513966	6228.50874636	6451.39823009	6437.54674221	6772.33471074	6852.45340751	6727.07470511	5977.42758621	5271.26643599	5903.34639498
alpha_rarefaction_80010_5.txt	80010	5	6798.11942257	7283.08172531	5698.71862069	6224.24743777	6249.89158345	6413.4822695	6613.10196078	6688.29189189	6765.46684005	6159.90243902	5332.64533821	5912.38871473
alpha_rarefaction_80010_6.txt	80010	6	6837.22093023	7193.34867664	5721.46025105	6281.44428152	6617.96943231	6345.92243767	6648.13530928	6796.31593794	6806.97222222	6049.19400856	5185.06228956	5772.93057607
alpha_rarefaction_80010_7.txt	80010	7	6792.15917843	7167.05970149	5793.18804665	6147.2212766	6365.13773314	6381.25143678	6646.73913043	6734.37662338	6684.87220844	6015.07913669	5297.69257951	5785.82378855
alpha_rarefaction_80010_8.txt	80010	8	6552.88888889	7138.83972912	5708.11618257	6326.68918919	6424.3030303	6366.44351464	6604.10012837	6709.21253406	6803.37662338	6106.87205882	5207.03614458	5723.74251497
alpha_rarefaction_80010_9.txt	80010	9	6777.52795839	7098.75384615	5681.67174515	6346.22239032	6391.21763869	6462.19373219	6664.13368984	6679.32638889	6770.38543046	6096.56439942	5233.61061947	5887.53374233
alpha_rarefaction_85010_0.txt	85010	0	6690.74545455	7263.46111111	5767.45821727	6286.1443299	6496.27793696	n/a	6757.22036082	6887.15290934	6862.21673004	6122.68038409	5152.25976231	5769.00879765
alpha_rarefaction_85010_1.txt	85010	1	6758.21782178	7126.81630435	5732.76610644	6387.34904271	6562.26637555	n/a	6731.10077519	6651.50199203	6874.28238342	6171.16997167	5297.4017094	5868.78810976
alpha_rarefaction_85010_2.txt	85010	2	6746.82367448	7170.39174107	5769.12780899	6352.49851632	6573.7864215	n/a	6755.77777778	6863.64563758	6936.51235371	6178.02892562	5356.11052632	5803.07913669
alpha_rarefaction_85010_3.txt	85010	3	6696.39700375	7318.90421893	5761.72229822	6265.08189655	6389.53988604	n/a	6664.48337596	6769.91180285	6968.86984536	6176.01167883	5198.20207254	5907.21589205
alpha_rarefaction_85010_4.txt	85010	4	6771.27764128	7314.25766175	5794.22206506	6280.82703488	6466.84757835	n/a	6758.64751958	6822.67388363	6914.15031847	6103.64673157	5330.67959528	5865.48945783
alpha_rarefaction_85010_5.txt	85010	5	6685.09124538	7105.47171825	5802.68085106	6252.4512894	6599.34738372	n/a	6763.82758621	6903.4	6869.00123609	6139.59752747	5211.18549747	5852.47982063
alpha_rarefaction_85010_6.txt	85010	6	6789.51197982	7308.86172566	5744.2137931	6324.82916053	6627.19740634	n/a	6800.0252324	6745.70967742	6820.17042607	6176.80603448	5341.39821429	5925.18249258
alpha_rarefaction_85010_7.txt	85010	7	6720.89321608	7201.46723953	5782.87569832	6295.9756447	6538.86016949	n/a	6681.41296061	6885.38964578	6715.5710754	6133.00140449	5391.22800718	5901.12312312
alpha_rarefaction_85010_8.txt	85010	8	6790.34831461	7181.85823337	5723.25581395	6299.49295775	6547.98863636	n/a	6681.05798969	6884.25609756	6791.47191011	6269.44690265	5312.38003503	5926.51988218
alpha_rarefaction_85010_9.txt	85010	9	6619.13043478	7317.78296383	5754.3627451	6350.51546392	6553.47619048	n/a	6715.0	7131.56355932	6916.75989783	6213.98273381	5307.54049296	5885.44108761