	sequences per sample	iteration	CK-1	CK-2	CK-3	TA-1	TA-2	TA-3	TB-1	TB-2	TB-3	TC-3	TC-2	TC-1
alpha_rarefaction_10_0.txt	10	0	3.32192809489	3.32192809489	3.32192809489	3.32192809489	3.32192809489	3.32192809489	3.32192809489	3.32192809489	3.32192809489	3.32192809489	3.32192809489	3.32192809489
alpha_rarefaction_10_1.txt	10	1	3.32192809489	3.32192809489	3.32192809489	3.32192809489	3.32192809489	3.32192809489	3.32192809489	3.32192809489	3.32192809489	3.12192809489	3.32192809489	3.12192809489
alpha_rarefaction_10_2.txt	10	2	3.32192809489	3.32192809489	3.32192809489	3.32192809489	3.32192809489	3.32192809489	3.32192809489	3.32192809489	3.32192809489	3.32192809489	3.12192809489	3.32192809489
alpha_rarefaction_10_3.txt	10	3	3.32192809489	3.32192809489	3.32192809489	3.12192809489	3.32192809489	3.12192809489	3.12192809489	3.32192809489	3.32192809489	3.32192809489	3.32192809489	3.32192809489
alpha_rarefaction_10_4.txt	10	4	3.32192809489	3.12192809489	3.32192809489	3.32192809489	3.32192809489	3.32192809489	3.32192809489	3.32192809489	3.32192809489	3.12192809489	3.32192809489	3.32192809489
alpha_rarefaction_10_5.txt	10	5	3.32192809489	3.32192809489	3.32192809489	3.12192809489	3.32192809489	3.32192809489	3.32192809489	3.32192809489	3.32192809489	3.12192809489	3.12192809489	3.32192809489
alpha_rarefaction_10_6.txt	10	6	3.32192809489	3.32192809489	3.32192809489	3.32192809489	3.32192809489	3.32192809489	3.12192809489	3.32192809489	3.32192809489	3.32192809489	3.32192809489	3.32192809489
alpha_rarefaction_10_7.txt	10	7	2.92192809489	3.32192809489	3.32192809489	3.32192809489	3.32192809489	3.32192809489	3.32192809489	3.32192809489	3.32192809489	3.32192809489	3.12192809489	3.32192809489
alpha_rarefaction_10_8.txt	10	8	3.32192809489	3.32192809489	3.32192809489	3.32192809489	3.32192809489	3.32192809489	3.32192809489	3.32192809489	3.32192809489	3.32192809489	3.32192809489	3.32192809489
alpha_rarefaction_10_9.txt	10	9	3.32192809489	3.32192809489	3.12192809489	3.32192809489	3.32192809489	3.32192809489	3.32192809489	3.32192809489	3.32192809489	3.32192809489	3.32192809489	3.32192809489
alpha_rarefaction_5010_0.txt	5010	0	9.8229614788	9.9349725245	9.6732168097	9.26968831773	9.41447682666	9.43603164307	9.43870665042	9.47101852588	9.51768863131	9.2892437862	8.82219262405	9.0423638999
alpha_rarefaction_5010_1.txt	5010	1	9.73474631136	9.91373811681	9.60202412766	9.19697853141	9.40197945896	9.33360850729	9.49050691756	9.40201859225	9.44725344029	9.23883537958	8.68621760459	9.03438904509
alpha_rarefaction_5010_2.txt	5010	2	9.80320062252	9.91628883431	9.54776677249	9.21821076574	9.38439617528	9.41343045764	9.49552834193	9.50917551158	9.49677207488	9.22858960364	8.75198635501	9.15005757138
alpha_rarefaction_5010_3.txt	5010	3	9.80790981874	9.93349310001	9.66225206407	9.22906518971	9.40909387472	9.36609779459	9.51244702399	9.50212076412	9.50025868032	9.28248833239	8.76020486741	9.08954913876
alpha_rarefaction_5010_4.txt	5010	4	9.82099805334	9.94113716632	9.5997680953	9.24970556586	9.42380119997	9.38362395569	9.44656003316	9.51050640485	9.49139912875	9.29517476705	8.78628408476	9.12709181617
alpha_rarefaction_5010_5.txt	5010	5	9.79457479289	9.93603721505	9.63244705945	9.24975422745	9.3591364672	9.39561211453	9.46724754345	9.48737247635	9.45876583165	9.28961270741	8.75189421558	9.08798886801
alpha_rarefaction_5010_6.txt	5010	6	9.790196389	9.91905822725	9.6932299548	9.20852430563	9.39305841877	9.4099631888	9.43771625169	9.42641432479	9.45822825791	9.27490755414	8.75673142047	9.11177575484
alpha_rarefaction_5010_7.txt	5010	7	9.78325630642	9.8917711321	9.61215278986	9.2840760557	9.39939862164	9.40763636525	9.49349916822	9.47082263518	9.46996426006	9.35768287936	8.74597681735	9.15687171623
alpha_rarefaction_5010_8.txt	5010	8	9.73254156089	9.90886004581	9.58188795309	9.23285402084	9.38475426651	9.38154329844	9.51229003007	9.48944073759	9.46220359625	9.28374807163	8.75150411299	9.00609203111
alpha_rarefaction_5010_9.txt	5010	9	9.86897729829	9.95384209639	9.63021022218	9.27096779873	9.40157664283	9.37276338193	9.52194463513	9.5103110053	9.50086152449	9.23006206145	8.75633865655	9.11143225279
alpha_rarefaction_10010_0.txt	10010	0	10.03337235	10.182845077	9.82343372171	9.41194518977	9.5984208737	9.61321402404	9.75715053127	9.69146748384	9.668987325	9.4398316187	8.93505220017	9.22788774285
alpha_rarefaction_10010_1.txt	10010	1	10.0387824823	10.1775358939	9.81313529744	9.40202998866	9.58614147075	9.62429523066	9.70781164936	9.67105287833	9.68342687533	9.45010070763	8.9263572557	9.25668423847
alpha_rarefaction_10010_2.txt	10010	2	10.03255378	10.1789969815	9.82108712451	9.44074611811	9.57548334304	9.61159539407	9.69119094567	9.68959262438	9.68671636815	9.49044879475	8.92817024799	9.2115100239
alpha_rarefaction_10010_3.txt	10010	3	10.0199936324	10.1643748601	9.81169829362	9.42006418036	9.64112947312	9.63398632129	9.65686738385	9.65024118117	9.70226109262	9.49170440297	8.90465523245	9.26771650689
alpha_rarefaction_10010_4.txt	10010	4	10.0151170574	10.176329844	9.80865613283	9.45256246505	9.59198647491	9.57752385924	9.68150894462	9.67147120012	9.70569022728	9.47768743974	8.9310975687	9.29097600971
alpha_rarefaction_10010_5.txt	10010	5	10.0146146349	10.2060495472	9.80277716336	9.38715636155	9.59191615983	9.60860188477	9.66407154361	9.6639335719	9.67498607452	9.46541495062	8.93740112362	9.26922212489
alpha_rarefaction_10010_6.txt	10010	6	9.99899355934	10.2217012301	9.88348125768	9.41749394455	9.56471823275	9.56370444706	9.67867845592	9.6652151741	9.70256606294	9.50585335346	8.91170495556	9.23210303205
alpha_rarefaction_10010_7.txt	10010	7	9.97515809416	10.204134033	9.82597592463	9.4403322268	9.56271297518	9.56914212104	9.6996910665	9.68099983523	9.68750502503	9.47496197771	8.97336692846	9.28746852152
alpha_rarefaction_10010_8.txt	10010	8	9.99885221628	10.156780672	9.82834586165	9.42819605535	9.59493933834	9.64369996116	9.66808553554	9.65429577017	9.69191421262	9.49380635726	8.88923749252	9.25968956552
alpha_rarefaction_10010_9.txt	10010	9	9.99247114972	10.1977892633	9.81520043467	9.40913572054	9.60541247624	9.58389030769	9.66966098126	9.71351023722	9.68022632744	9.5122832639	8.92692854066	9.26683467569
alpha_rarefaction_15010_0.txt	15010	0	10.1123346482	10.2819186021	9.91684025812	9.52734718819	9.6603374807	9.65753165254	9.81410442859	9.75477590202	9.79081650748	9.54055019908	9.01178270402	9.30469907822
alpha_rarefaction_15010_1.txt	15010	1	10.1051396535	10.2978431468	9.93089824448	9.52047718697	9.68630526767	9.68051057939	9.80374249512	9.74385384119	9.76094432735	9.56017814782	8.98498606902	9.29760293142
alpha_rarefaction_15010_2.txt	15010	2	10.0929550968	10.2882185134	9.91973395079	9.52630376527	9.66463232068	9.64998334391	9.79589982179	9.79042335594	9.79195256173	9.56735373553	8.9998444826	9.33795252725
alpha_rarefaction_15010_3.txt	15010	3	10.1187743114	10.2788083926	9.92039315382	9.53135765121	9.66815099605	9.67912573468	9.7623631836	9.76195161045	9.75125273726	9.57704754088	8.99300478544	9.3233055415
alpha_rarefaction_15010_4.txt	15010	4	10.1156860293	10.2980476649	9.91271019415	9.52976290144	9.70268083955	9.68817333378	9.75258297934	9.75956053838	9.80943921763	9.58192719399	9.00895396573	9.359046838
alpha_rarefaction_15010_5.txt	15010	5	10.1142440858	10.2673980443	9.91905570553	9.50526666457	9.66568716556	9.67607768964	9.78605393685	9.77476767635	9.78215558985	9.52966370112	9.01633052957	9.34020505187
alpha_rarefaction_15010_6.txt	15010	6	10.0974769968	10.2777939373	9.89525544741	9.54011017115	9.65161745089	9.71414703991	9.79637179868	9.77160771319	9.75532236986	9.58424772475	8.9847270064	9.35744434704
alpha_rarefaction_15010_7.txt	15010	7	10.1410905702	10.2991358742	9.89631091228	9.53523556312	9.67209441528	9.68822542256	9.76365089136	9.79239891109	9.74896495564	9.56073479409	8.97828523402	9.3377851881
alpha_rarefaction_15010_8.txt	15010	8	10.1103268053	10.2830554626	9.94326075111	9.53601272855	9.67661109833	9.68768648677	9.76338555477	9.78290262586	9.78001290718	9.52675248703	8.99426424015	9.34701255841
alpha_rarefaction_15010_9.txt	15010	9	10.1207418199	10.2757178181	9.91938890128	9.50152939383	9.67435818493	9.6840359737	9.79389913345	9.75413725768	9.80578456805	9.57653814066	9.00124611726	9.31286058458
alpha_rarefaction_20010_0.txt	20010	0	10.1766270672	10.3437804111	9.95930046506	9.57886809249	9.74341932684	9.74296133428	9.83057999274	9.81688392408	9.82756894573	9.5888277455	9.03213662221	9.36495360376
alpha_rarefaction_20010_1.txt	20010	1	10.1895260829	10.3791350032	9.96868221189	9.54943853185	9.74754587023	9.72416856882	9.80656259799	9.80388372118	9.82267586619	9.5925474076	9.03866398895	9.35392616119
alpha_rarefaction_20010_2.txt	20010	2	10.1569876956	10.3159444574	9.96445141627	9.58155511207	9.70423673222	9.72534704412	9.82208504386	9.82070393556	9.82396354481	9.60341301477	9.04586055634	9.37384037134
alpha_rarefaction_20010_3.txt	20010	3	10.1537662064	10.3355091834	9.98964775781	9.55875215586	9.71202748278	9.73191480559	9.85015100855	9.79792739621	9.84116086969	9.59898560591	9.01196056726	9.38960866377
alpha_rarefaction_20010_4.txt	20010	4	10.1634201476	10.338311718	9.95384888733	9.55635262463	9.72534879582	9.72761898395	9.84570274007	9.81662847622	9.83756740633	9.5947576056	9.02376397415	9.39598980555
alpha_rarefaction_20010_5.txt	20010	5	10.1623544771	10.3368216539	9.96977951005	9.55363934822	9.72453884823	9.71062908524	9.8422900605	9.83873466433	9.8027000259	9.59080725626	9.05588124242	9.37444073521
alpha_rarefaction_20010_6.txt	20010	6	10.1623503575	10.3298010208	9.9469847698	9.56418361723	9.72771758563	9.73854756939	9.84880882769	9.81312321828	9.81965151468	9.5960355978	9.01864308385	9.38304374493
alpha_rarefaction_20010_7.txt	20010	7	10.171815261	10.3507605197	9.9572504705	9.55784167597	9.70040027414	9.74739372154	9.84186511404	9.81786641476	9.84162134764	9.61752426225	9.03118275778	9.36836988357
alpha_rarefaction_20010_8.txt	20010	8	10.1561948461	10.3466334329	9.96812064725	9.60054375834	9.71401972296	9.72757698833	9.82044836072	9.8007020572	9.82255045304	9.62050825691	9.03334421912	9.38869643559
alpha_rarefaction_20010_9.txt	20010	9	10.1464474701	10.3358013079	9.96321397375	9.58598544286	9.70811190677	9.73245679502	9.82624660088	9.82798504701	9.8326339631	9.58530936893	9.05982604331	9.39109885964
alpha_rarefaction_25010_0.txt	25010	0	10.2080491339	10.3688808806	9.99717918704	9.60187615917	9.76783096686	9.77944251693	9.87294098622	9.83597305136	9.88120725376	9.62536355301	9.08627116576	9.40687059483
alpha_rarefaction_25010_1.txt	25010	1	10.2126849632	10.3898116759	9.97856435268	9.60482528376	9.73872272403	9.75505015217	9.87013734676	9.83655544262	9.87805327179	9.61949165631	9.04816615103	9.42032799362
alpha_rarefaction_25010_2.txt	25010	2	10.2093831864	10.3768268176	9.99583095872	9.59009328704	9.74525020841	9.75292187374	9.8530151132	9.8516627971	9.839122619	9.63977563555	9.03630491647	9.40866147023
alpha_rarefaction_25010_3.txt	25010	3	10.2234841928	10.3960449037	9.99507309437	9.60021631458	9.74291206714	9.80031530174	9.85039959002	9.82729485539	9.87256849383	9.61567810176	9.06511646796	9.41343253445
alpha_rarefaction_25010_4.txt	25010	4	10.2145889973	10.4159061425	9.99749899556	9.61603149714	9.7487040692	9.77710587019	9.88328192916	9.88014333249	9.86924178337	9.64147378862	9.07074392307	9.39955633505
alpha_rarefaction_25010_5.txt	25010	5	10.2081883585	10.3963757063	10.0144953798	9.62308958926	9.74818448027	9.77570038354	9.87263170002	9.84688696601	9.85596062505	9.62794539587	9.07045460678	9.3931942507
alpha_rarefaction_25010_6.txt	25010	6	10.2100195206	10.3964981576	9.9926895257	9.61483776931	9.77732772865	9.75741515295	9.87434187862	9.85750414976	9.86103206758	9.62664456879	9.06535831827	9.41581482188
alpha_rarefaction_25010_7.txt	25010	7	10.2003702013	10.385392949	10.001759505	9.58499061083	9.72839468051	9.76847589601	9.87350851523	9.85709060692	9.87317117867	9.63682145281	9.06941584752	9.39085103634
alpha_rarefaction_25010_8.txt	25010	8	10.2063749635	10.3914804543	9.98946985782	9.60027723944	9.72917676913	9.74319685756	9.86120457292	9.83440385922	9.87092544799	9.61917478283	9.05946918023	9.40194822917
alpha_rarefaction_25010_9.txt	25010	9	10.2292364104	10.3483423	10.0218254931	9.55793299226	9.74460497578	9.7452044209	9.86748596623	9.84377683265	9.87839122043	9.61581727299	9.06983614973	9.40498217168
alpha_rarefaction_30010_0.txt	30010	0	10.2539704584	10.4032232394	10.0229709197	9.62939542539	9.77024521514	9.78814295674	9.88242226625	9.8820709424	9.88930736342	9.67184104629	9.07126989223	9.4156663884
alpha_rarefaction_30010_1.txt	30010	1	10.232519221	10.4143701871	10.0199193237	9.6363270662	9.77915036217	9.80514960918	9.92295775083	9.85522543805	9.90303678845	9.66857846508	9.07939184751	9.44028522388
alpha_rarefaction_30010_2.txt	30010	2	10.2318956132	10.4091181363	10.0296502719	9.63506241567	9.77877024086	9.8138799453	9.89588759639	9.87843727841	9.89268910805	9.64223328581	9.07996081417	9.41585600892
alpha_rarefaction_30010_3.txt	30010	3	10.2024964213	10.4256377617	10.0233910081	9.62371229673	9.7706401785	9.80305678655	9.91217723551	9.88252894586	9.89201308466	9.66500693272	9.09875406107	9.42119712005
alpha_rarefaction_30010_4.txt	30010	4	10.239463355	10.4152818074	10.018001553	9.59144389929	9.77831373169	9.78915639651	9.87626209813	9.88953540139	9.90620988864	9.67149099097	9.08051171351	9.4293359329
alpha_rarefaction_30010_5.txt	30010	5	10.2500385013	10.3953800286	10.0395726805	9.60593069401	9.75325604984	9.7773219827	9.88612235112	9.86664505487	9.92003113768	9.67666056468	9.08250719285	9.40764038189
alpha_rarefaction_30010_6.txt	30010	6	10.2332067164	10.4087829209	10.0312155718	9.63503351767	9.77813210343	9.77536037313	9.87711019564	9.87812251612	9.88496065479	9.66122376006	9.06304880612	9.43095915853
alpha_rarefaction_30010_7.txt	30010	7	10.2150041597	10.422965035	10.0256194223	9.6378515317	9.76755172228	9.77548445127	9.89730326971	9.87476083798	9.86359457625	9.66258751099	9.09177933841	9.43224722778
alpha_rarefaction_30010_8.txt	30010	8	10.253887704	10.4372966381	10.0256185156	9.62801105237	9.8011748503	9.78891796583	9.86078010601	9.87482279468	9.88474583776	9.67094416898	9.08780766263	9.43366219398
alpha_rarefaction_30010_9.txt	30010	9	10.2082171839	10.3959856232	10.0354787097	9.61026821151	9.75344424516	9.77944676172	9.89496995601	9.8692949194	9.90841155579	9.66672912937	9.08329135871	9.43178686449
alpha_rarefaction_35010_0.txt	35010	0	10.2669617591	10.4207335978	10.0300249737	9.63561305708	9.81199160224	9.79868968029	9.89924775551	9.88406259311	9.91703212276	9.66321314355	9.09983098777	9.44925842067
alpha_rarefaction_35010_1.txt	35010	1	10.2544011319	10.4185436233	10.0635470033	9.6431429684	9.80008212013	9.79701352825	9.90559334751	9.89173127414	9.9015675408	9.67255122768	9.09912891903	9.42636507981
alpha_rarefaction_35010_2.txt	35010	2	10.2436344115	10.4271828469	10.0462506853	9.64995892204	9.79372910449	9.79353982644	9.91912834623	9.90496647564	9.9077515787	9.70464529442	9.10073285773	9.42598383805
alpha_rarefaction_35010_3.txt	35010	3	10.2675328035	10.4320567218	10.0527291135	9.6333458851	9.78836205278	9.8102167337	9.89135703368	9.88663651829	9.90207919157	9.6697594567	9.09265946213	9.44226080812
alpha_rarefaction_35010_4.txt	35010	4	10.2357635136	10.4160853894	10.0384492575	9.641217463	9.79220859939	9.80749841819	9.89477541972	9.89283504584	9.90059113301	9.65653053804	9.08640062383	9.4268627861
alpha_rarefaction_35010_5.txt	35010	5	10.2447097686	10.428254445	10.0403998467	9.60211545268	9.77162819876	9.79024052526	9.88890713312	9.89036120455	9.92624435234	9.67467698885	9.11180734821	9.45491350378
alpha_rarefaction_35010_6.txt	35010	6	10.2342396226	10.4268716362	10.0546216102	9.6202548604	9.77880983191	9.80996610125	9.91747166203	9.90191424031	9.91690496465	9.68002916249	9.08139652065	9.41470124307
alpha_rarefaction_35010_7.txt	35010	7	10.27110905	10.4238472078	10.0356073076	9.62516680012	9.81164035016	9.80256846973	9.91975400281	9.88388984721	9.9290590761	9.6815438792	9.07963815776	9.43138507741
alpha_rarefaction_35010_8.txt	35010	8	10.2428568555	10.4268205541	10.0308666169	9.63855695227	9.79960853129	9.79820542723	9.91589295744	9.91486114768	9.89637862831	9.66539782825	9.09951361127	9.43238549253
alpha_rarefaction_35010_9.txt	35010	9	10.2439570734	10.4158828652	10.0619008247	9.64579944607	9.78957943046	9.79732428501	9.92345449897	9.90044329043	9.91980099048	9.66491778519	9.11082482547	9.41624763609
alpha_rarefaction_40010_0.txt	40010	0	10.2594595478	10.4423652699	10.0469094038	9.64651070884	9.79107351769	9.82477879379	9.92361984916	9.92331512106	9.92825789919	9.69507694895	9.11527827054	9.44493187949
alpha_rarefaction_40010_1.txt	40010	1	10.2795695351	10.4424201219	10.0414202628	9.63874083443	9.8005464979	9.82358527479	9.92775758015	9.91327457394	9.91615916475	9.68856594986	9.11787829793	9.46244655533
alpha_rarefaction_40010_2.txt	40010	2	10.2652594912	10.4375510055	10.0657388545	9.64207106556	9.79891792906	9.82305242996	9.94781312561	9.91419444064	9.92531768597	9.67256538953	9.12299176851	9.45472791382
alpha_rarefaction_40010_3.txt	40010	3	10.2813401047	10.4365881731	10.0418738975	9.65579095037	9.80364010179	9.83191217314	9.92392503175	9.89284480735	9.92244673273	9.67717056647	9.10303576424	9.43293711383
alpha_rarefaction_40010_4.txt	40010	4	10.2790849645	10.4374219893	10.0735159488	9.63357953888	9.80291809034	9.81071464977	9.91958267426	9.90549600165	9.93017956868	9.68099918076	9.10992162005	9.45018601028
alpha_rarefaction_40010_5.txt	40010	5	10.2611077599	10.4493468905	10.0604593844	9.66136200249	9.7992907536	9.82532150259	9.91749956949	9.91242942637	9.92405934198	9.67858828098	9.11166467052	9.43870378664
alpha_rarefaction_40010_6.txt	40010	6	10.2749693948	10.4443553154	10.0549072148	9.65763450464	9.79823025691	9.83692180451	9.91845024405	9.90828551479	9.90989741997	9.6956110415	9.10007041452	9.43546353134
alpha_rarefaction_40010_7.txt	40010	7	10.2683025484	10.439657176	10.0582691087	9.65221489958	9.79607955261	9.82753032062	9.91813978348	9.91578179105	9.92453850286	9.68233373652	9.09058807225	9.46228265994
alpha_rarefaction_40010_8.txt	40010	8	10.2717411513	10.437099432	10.0502666948	9.6498394124	9.80356730652	9.82125503815	9.94862681095	9.91833718733	9.92785824793	9.69512966871	9.11391139802	9.44487935385
alpha_rarefaction_40010_9.txt	40010	9	10.2942082645	10.437884193	10.0583049997	9.65675301422	9.79944608797	9.81957546059	9.94077185941	9.91431871679	9.92467657208	9.67552257157	9.12895214492	9.45900156001
alpha_rarefaction_45010_0.txt	45010	0	10.2768162401	10.4536840689	10.055505246	9.68025605088	9.80300897715	9.8266013499	9.94595936382	9.91898312837	9.92964366831	9.68307168635	9.12085904634	9.44640200413
alpha_rarefaction_45010_1.txt	45010	1	10.2682388616	10.4554642307	10.0755383381	9.67419965901	9.82305093194	9.82600505795	9.95103553728	9.9292087698	9.94207427609	9.70090251705	9.13359974284	9.45552387705
alpha_rarefaction_45010_2.txt	45010	2	10.291330745	10.4606615441	10.0694628697	9.65791524598	9.81748230673	9.84152187085	9.93987962388	9.91821957804	9.92626772466	9.68848443372	9.11587338323	9.45693206511
alpha_rarefaction_45010_3.txt	45010	3	10.2766998258	10.4362173789	10.0737547491	9.68136793317	9.80934979279	9.82551688563	9.94374788136	9.92152203525	9.9404803818	9.7079713499	9.12077468993	9.45622405504
alpha_rarefaction_45010_4.txt	45010	4	10.2757671585	10.4453953932	10.0606477543	9.6521881584	9.8342618582	9.82617781283	9.93578741003	9.90598974996	9.9450917644	9.68469520252	9.11695322557	9.45758168829
alpha_rarefaction_45010_5.txt	45010	5	10.2841276148	10.4592337135	10.0621304386	9.6686632295	9.81339043371	9.82506373846	9.94163580409	9.91971063446	9.93348458623	9.71032676169	9.12205218356	9.44816617618
alpha_rarefaction_45010_6.txt	45010	6	10.2927792504	10.4564387803	10.0657584065	9.67051145471	9.82782776237	9.83126376836	9.94086176944	9.92910068454	9.9243540306	9.70428947146	9.11642248729	9.46304283718
alpha_rarefaction_45010_7.txt	45010	7	10.2830064916	10.4686356516	10.0730730186	9.65369975711	9.82671120185	9.84128120255	9.93325716644	9.93287885675	9.93151887219	9.71127478428	9.11415322119	9.4629709908
alpha_rarefaction_45010_8.txt	45010	8	10.2850027167	10.46555222	10.0650570828	9.65619534591	9.81215202933	9.83811578153	9.94154987998	9.90604741126	9.9503909012	9.69008135459	9.11456950692	9.44332270641
alpha_rarefaction_45010_9.txt	45010	9	10.2786407473	10.4570606935	10.0615247224	9.65702172688	9.82043174937	9.82553685257	9.92209570286	9.91374603115	9.95291421612	9.70545529976	9.10989524584	9.45277217297
alpha_rarefaction_50010_0.txt	50010	0	10.2897629258	10.4697727457	10.0882780805	9.66895661414	9.82799377757	9.84105804152	9.94719180288	9.91471450755	9.93812798542	9.71512576095	9.11818899314	9.47117234696
alpha_rarefaction_50010_1.txt	50010	1	10.2911116997	10.4772291832	10.0736660033	9.68466857174	9.81792563565	9.83026012787	9.93801601662	9.93819159962	9.95442274895	9.71336854782	9.12369491252	9.45749341098
alpha_rarefaction_50010_2.txt	50010	2	10.2873768513	10.4675452609	10.085146514	9.67667257714	9.84359006111	9.83988766592	9.94494156797	9.93445839389	9.93373732921	9.69905727832	9.13355521294	9.46564031122
alpha_rarefaction_50010_3.txt	50010	3	10.2899513181	10.4702083372	10.0752274503	9.66854797869	9.81794544622	9.82547150337	9.94929575957	9.9488923165	9.95421016219	9.71438450173	9.13031331331	9.4687979969
alpha_rarefaction_50010_4.txt	50010	4	10.2996344297	10.4591285178	10.080537384	9.66481339407	9.82350591813	9.83293721369	9.95487661412	9.94070284687	9.9406428826	9.72056300202	9.14887436572	9.48547227821
alpha_rarefaction_50010_5.txt	50010	5	10.2814715734	10.4625342201	10.0666632049	9.68366621996	9.82776933245	9.83905985214	9.96302221653	9.9265333667	9.92990790531	9.70074878661	9.14086367141	9.47528789941
alpha_rarefaction_50010_6.txt	50010	6	10.2923682417	10.4635948318	10.078641608	9.66910792651	9.81825063284	9.83920776674	9.9371487182	9.92099735694	9.93203554041	9.70179127105	9.13984313949	9.47640944144
alpha_rarefaction_50010_7.txt	50010	7	10.2898256096	10.4768242538	10.0749596696	9.65937134818	9.82820621682	9.84842704049	9.94910372372	9.9441964841	9.93415793743	9.7062720753	9.12720777081	9.4795392446
alpha_rarefaction_50010_8.txt	50010	8	10.2837071063	10.4667037664	10.0747316131	9.66389727047	9.82896691551	9.83932383033	9.96780411163	9.9413556134	9.94656681588	9.69906149191	9.11783838163	9.48869680541
alpha_rarefaction_50010_9.txt	50010	9	10.2845950887	10.4647953846	10.0800783263	9.66880969666	9.82758455856	9.83529295948	9.93726456623	9.94431250553	9.94900257541	9.70857802017	9.13780430012	9.46153102993
alpha_rarefaction_55010_0.txt	55010	0	10.2982108646	10.476331183	10.085071544	9.6843548033	9.84614221074	9.85021434369	9.95209495534	9.92203400173	9.95579725436	9.72445434436	9.12923703159	9.47229402271
alpha_rarefaction_55010_1.txt	55010	1	10.2996048575	10.4787037261	10.0821435179	9.68489686406	9.84067963479	9.85063097692	9.96507635064	9.93628675956	9.95887823567	9.710494407	9.13294381621	9.48182501208
alpha_rarefaction_55010_2.txt	55010	2	10.3035797873	10.480012729	10.0840506182	9.68162157276	9.83500827498	9.84527128362	9.95437501099	9.93458749982	9.9436177001	9.71535188039	9.12445019944	9.47029357826
alpha_rarefaction_55010_3.txt	55010	3	10.2984198227	10.4855022658	10.0791570997	9.68497974107	9.82698404619	9.84513805027	9.95272547426	9.93135616451	9.94760146461	9.71040808964	9.12100674856	9.47613557659
alpha_rarefaction_55010_4.txt	55010	4	10.3015889966	10.4791615221	10.0719442307	9.68773365904	9.81864914129	9.83768658834	9.95573574012	9.93566882091	9.94913011236	9.71284652781	9.12853466294	9.47054168943
alpha_rarefaction_55010_5.txt	55010	5	10.2976281923	10.4880317556	10.0778496639	9.68151736363	9.83273577739	9.84514240191	9.96882541812	9.94461875562	9.9464220057	9.710035373	9.12907457416	9.47304975055
alpha_rarefaction_55010_6.txt	55010	6	10.31057879	10.4789396148	10.084238858	9.67522214696	9.83993548642	9.83139781756	9.95313486506	9.93994827704	9.94165822371	9.70791070013	9.13049675995	9.48597626642
alpha_rarefaction_55010_7.txt	55010	7	10.289864191	10.4703454097	10.0737815725	9.68191523163	9.83681675195	9.83716667272	9.96160529971	9.9413846681	9.93989397762	9.71238514226	9.12516433463	9.48679282142
alpha_rarefaction_55010_8.txt	55010	8	10.3054840849	10.4809645067	10.0884685724	9.68180373545	9.83232120067	9.84017703846	9.96026290101	9.92474692837	9.95598530336	9.7024408292	9.12634266915	9.4813133867
alpha_rarefaction_55010_9.txt	55010	9	10.2947383379	10.4740581658	10.0708336327	9.68858849643	9.83174665778	9.84845587432	9.95245871467	9.92612380282	9.94232355909	9.70533801222	9.12375837171	9.48456384563
alpha_rarefaction_60010_0.txt	60010	0	10.3098555061	10.4981774729	10.0974581031	9.67762078372	9.83877888758	9.84496247301	9.96545802412	9.9607314641	9.95532330402	9.71855098654	9.13782278466	9.48862629473
alpha_rarefaction_60010_1.txt	60010	1	10.3075144728	10.481141484	10.0856284099	9.68730524514	9.83641447572	9.84749090643	9.97025133264	9.94426764001	9.9623309981	9.71659888354	9.14523169323	9.47198475377
alpha_rarefaction_60010_2.txt	60010	2	10.2998455904	10.4921578851	10.084175909	9.67973051277	9.83330138538	9.84845255082	9.94814797368	9.93487593724	9.94614963282	9.72093112116	9.14544711118	9.49299205264
alpha_rarefaction_60010_3.txt	60010	3	10.3049628421	10.4864701462	10.0858301316	9.68639650182	9.83742221446	9.85595706605	9.96190513372	9.94764787752	9.95060200163	9.71879533374	9.1288939723	9.48762626946
alpha_rarefaction_60010_4.txt	60010	4	10.3018572989	10.4891449302	10.0888535445	9.68659864752	9.84090087499	9.86104429479	9.95772553388	9.95863162888	9.94896857895	9.72155511371	9.1484996677	9.48465586225
alpha_rarefaction_60010_5.txt	60010	5	10.2960006399	10.485626393	10.0823954217	9.68734559449	9.84712992222	9.85440908269	9.96412776419	9.93838689094	9.9500483776	9.7191048607	9.12846192061	9.49203477104
alpha_rarefaction_60010_6.txt	60010	6	10.2933496108	10.4709821677	10.0842651087	9.68419192398	9.83968623848	9.8532836517	9.96049073708	9.94634008535	9.9529707425	9.72068613035	9.13413585259	9.48868274467
alpha_rarefaction_60010_7.txt	60010	7	10.3158556868	10.4809878066	10.0940848565	9.67879903378	9.83651858441	9.86222705678	9.96628196157	9.94479014078	9.96572170846	9.71119570124	9.14277289118	9.47948489457
alpha_rarefaction_60010_8.txt	60010	8	10.3138727196	10.5009946459	10.0854668759	9.69409542108	9.83958588049	9.86072914531	9.95660240657	9.94015234373	9.96167823717	9.72295557715	9.14049179381	9.48664529575
alpha_rarefaction_60010_9.txt	60010	9	10.3060406245	10.4842654101	10.0862677438	9.68180174102	9.84874299294	9.84898457938	9.96760907717	9.94643387541	9.96497080878	9.7283204341	9.15319339024	9.48997199071
alpha_rarefaction_65010_0.txt	65010	0	10.3163695576	10.4943669696	10.09466851	9.68181485545	9.84876879688	9.85707145889	9.95856504782	9.9560408093	9.97075793075	9.72381146655	9.15271074782	9.50383681074
alpha_rarefaction_65010_1.txt	65010	1	10.3128867408	10.4945135295	10.0864735636	9.68867750205	9.8428625512	9.86187289464	9.97322779457	9.94355207158	9.97699328812	9.73215324982	9.13909502571	9.48514594202
alpha_rarefaction_65010_2.txt	65010	2	10.3147941357	10.4888598192	10.101397585	9.68934339737	9.84075118997	9.84873275436	9.96431875433	9.95107552836	9.97046046687	9.7322330435	9.14804788373	9.48375239651
alpha_rarefaction_65010_3.txt	65010	3	10.3147248862	10.4955651193	10.0929436563	9.67601801574	9.84602517374	9.86209690343	9.97610735203	9.94877578162	9.97096468793	9.73274199176	9.14166367526	9.49472481481
alpha_rarefaction_65010_4.txt	65010	4	10.3081267981	10.4988830608	10.0902428425	9.68912171605	9.84060546847	9.8503096587	9.9776665598	9.94413581407	9.96913021085	9.71930796514	9.1280561405	9.48301463211
alpha_rarefaction_65010_5.txt	65010	5	10.3162301331	10.4967454826	10.0927851661	9.69649294546	9.84999975844	9.85888053078	9.96814972478	9.94027036904	9.96670643415	9.71453583686	9.15415444139	9.49442379311
alpha_rarefaction_65010_6.txt	65010	6	10.3088645796	10.4767115975	10.0941046734	9.68814948947	9.85231021828	9.86779523292	9.96788141099	9.94022870878	9.95713792668	9.73423671069	9.13929383383	9.49906494767
alpha_rarefaction_65010_7.txt	65010	7	10.3127728268	10.4919232632	10.0949732293	9.69222996349	9.85124106159	9.85442479239	9.9744250059	9.96195167153	9.96261420448	9.7285910646	9.15645161232	9.49014054071
alpha_rarefaction_65010_8.txt	65010	8	10.3129901237	10.486061484	10.0944949987	9.68574453442	9.84773466208	9.85296001773	9.96226300001	9.95146182633	9.97194189118	9.72737861367	9.14147340435	9.50188605008
alpha_rarefaction_65010_9.txt	65010	9	10.3148260034	10.4904465218	10.0869041058	9.69410883643	9.85499786917	9.8589444986	9.96881789506	9.95328076072	9.9626359322	9.72971327147	9.14416533432	9.48757486041
alpha_rarefaction_70010_0.txt	70010	0	10.3215229404	10.4971835001	10.1039882639	9.68827594784	9.84449108176	9.86590119562	9.97184115257	9.95400582491	9.9712532625	9.7311948914	9.14265267613	9.48959160307
alpha_rarefaction_70010_1.txt	70010	1	10.3110249436	10.503179669	10.1055520788	9.69761138457	9.85258382381	9.87236206882	9.97927904965	9.95735958459	9.97626714355	9.74186892487	9.14475388448	9.49724526909
alpha_rarefaction_70010_2.txt	70010	2	10.3119296093	10.4982253564	10.1078632497	9.69677786526	9.84762826946	9.86405937971	9.97226865671	9.95188834539	9.96986806475	9.72454666271	9.15266396608	9.49471904325
alpha_rarefaction_70010_3.txt	70010	3	10.3137925531	10.4891494028	10.1083014081	9.68948889265	9.84496975113	9.86007573645	9.97477686136	9.96812246991	9.95681574979	9.73509318972	9.15587070584	9.48681170459
alpha_rarefaction_70010_4.txt	70010	4	10.3212269745	10.4964450056	10.0974281177	9.6847898074	9.85907142947	9.86297184982	9.96570322295	9.9591792026	9.96805484406	9.71806399581	9.15516469567	9.49604261415
alpha_rarefaction_70010_5.txt	70010	5	10.3230467568	10.4904932574	10.1013721864	9.69672015457	9.85749363136	9.8639988965	9.96745312248	9.94928462953	9.97001324461	9.73927262251	9.14168419239	9.49526139971
alpha_rarefaction_70010_6.txt	70010	6	10.3189379459	10.5027880615	10.1023026059	9.69337196767	9.82606165828	9.85885987873	9.97641739145	9.95845112065	9.96884724217	9.73928306452	9.13421708802	9.49440791854
alpha_rarefaction_70010_7.txt	70010	7	10.3210476269	10.4967843209	10.1000925737	9.69842456722	9.84789270039	9.86621291284	9.97801953864	9.95162361285	9.97752501569	9.72717490995	9.14422340132	9.51157377709
alpha_rarefaction_70010_8.txt	70010	8	10.3187742989	10.5090409753	10.1012157771	9.6927868518	9.85652607476	9.86792954699	9.97246481193	9.96731589011	9.97377178135	9.73116423746	9.14781336064	9.49504447194
alpha_rarefaction_70010_9.txt	70010	9	10.317694677	10.492113119	10.0981024077	9.69130954214	9.85110952442	9.85710773143	9.97109762553	9.94462489846	9.96729741187	9.72974304649	9.14846888266	9.49685770099
alpha_rarefaction_75010_0.txt	75010	0	10.3216450978	10.5085032409	10.1034239355	9.69612994793	9.8528666891	9.86927241783	9.97973639339	9.97960959761	9.97142283084	9.73813111935	9.14758177073	9.50530338341
alpha_rarefaction_75010_1.txt	75010	1	10.3197810951	10.4997985396	10.0990930765	9.69600047323	9.85487188389	9.86778062427	9.97544565639	9.95985197416	9.98388384914	9.73482614626	9.14682088864	9.4974581466
alpha_rarefaction_75010_2.txt	75010	2	10.3148185817	10.5025704022	10.1059631234	9.68594329216	9.85524390401	9.8662254097	9.97239394432	9.95160455279	9.97200444858	9.73822493253	9.15305653178	9.50598904915
alpha_rarefaction_75010_3.txt	75010	3	10.326521638	10.5048437222	10.1023925341	9.69257021717	9.85459681917	9.87197269845	9.97437743784	9.96901520818	9.97432983834	9.73497807725	9.13805914525	9.50806145557
alpha_rarefaction_75010_4.txt	75010	4	10.3292833246	10.5034017496	10.1029073815	9.69927912085	9.86537487773	9.86867587415	9.97878156829	9.9652817005	9.96710108985	9.7318215839	9.15007956804	9.50492454753
alpha_rarefaction_75010_5.txt	75010	5	10.3258993614	10.5159245584	10.1029055838	9.69392669695	9.84692816453	9.87273181028	9.97026549815	9.95652187418	9.97385100546	9.72856158328	9.15620742834	9.49945233838
alpha_rarefaction_75010_6.txt	75010	6	10.3277612509	10.5047472312	10.1052158055	9.69842989972	9.85313574705	9.86461461396	9.9861416898	9.96090477763	9.97182714252	9.73219004349	9.15646174444	9.49715751594
alpha_rarefaction_75010_7.txt	75010	7	10.3200903922	10.4953147518	10.1032594687	9.69432825331	9.8493218693	9.87159867792	9.97752470792	9.95774056671	9.98058331021	9.72947079872	9.16563944029	9.50079922421
alpha_rarefaction_75010_8.txt	75010	8	10.326671917	10.5070501828	10.0995224356	9.69873385386	9.86058243824	9.86511598877	9.97844367191	9.95650901855	9.96707536353	9.73534910209	9.15128337294	9.50213005578
alpha_rarefaction_75010_9.txt	75010	9	10.3243211766	10.5023309469	10.1056784825	9.69840995184	9.856941707	9.86900404084	9.97981530722	9.96437084277	9.97524177004	9.72296215278	9.15064397897	9.49941997215
alpha_rarefaction_80010_0.txt	80010	0	10.3239158283	10.5065339567	10.1043222353	9.6992290178	9.86057282633	9.87110512535	9.97791400282	9.96829317147	9.9789194953	9.74024812932	9.1515170953	9.50793907345
alpha_rarefaction_80010_1.txt	80010	1	10.320510026	10.5054136103	10.1089197908	9.69946736915	9.8593605345	9.86657012345	9.9792715765	9.9584774627	9.98787733827	9.74337445135	9.15348023796	9.50575412958
alpha_rarefaction_80010_2.txt	80010	2	10.3204755533	10.502249491	10.1100823225	9.70694474923	9.85752587933	9.87314206836	9.98113015704	9.97625864919	9.9794774418	9.73967936319	9.15686152341	9.50390694745
alpha_rarefaction_80010_3.txt	80010	3	10.3281348253	10.500609952	10.1050578343	9.70362932569	9.85978698723	9.87117857425	9.97788900189	9.97044898537	9.97051565479	9.74381247553	9.15054486609	9.50783206259
alpha_rarefaction_80010_4.txt	80010	4	10.3235018561	10.5113376722	10.1060841268	9.70055517663	9.85675885205	9.87148788743	9.98251774303	9.9628601804	9.97658007671	9.73561230538	9.14937534575	9.50802317152
alpha_rarefaction_80010_5.txt	80010	5	10.3276623777	10.5110407557	10.1074378483	9.69959490749	9.85652197478	9.87364859693	9.9825122895	9.95564231812	9.9802116488	9.74598873751	9.15468523253	9.50243696983
alpha_rarefaction_80010_6.txt	80010	6	10.330780854	10.5111050134	10.107558689	9.70538821809	9.86862547049	9.87031343821	9.98219368445	9.9661428332	9.98026816445	9.73640346026	9.15674403641	9.50611051795
alpha_rarefaction_80010_7.txt	80010	7	10.3342521959	10.5027057293	10.1081337283	9.69637037858	9.85023472581	9.86985721893	9.98599561153	9.96783161529	9.98039607161	9.7409508639	9.16270492926	9.50223629654
alpha_rarefaction_80010_8.txt	80010	8	10.3281552384	10.5024899606	10.1096168822	9.69924387515	9.85624307214	9.8721773799	9.9843075109	9.96871620019	9.97248318054	9.73670057632	9.1585726162	9.49669699971
alpha_rarefaction_80010_9.txt	80010	9	10.3264629975	10.5101824658	10.1088526047	9.70228376121	9.86377481748	9.87297546385	9.98225414382	9.96578325746	9.97820373044	9.73532245283	9.14922539792	9.50213117611
alpha_rarefaction_85010_0.txt	85010	0	10.330148255	10.5210461823	10.1133763891	9.70453014012	9.85727924307	n/a	9.98523229286	9.9687340779	9.98120405354	9.74252802484	9.15789591597	9.50612014156
alpha_rarefaction_85010_1.txt	85010	1	10.3364561059	10.5156019285	10.1111985265	9.70657912536	9.84992549094	n/a	9.9848162072	9.9658508582	9.98579683531	9.74296397437	9.15792963251	9.50615223692
alpha_rarefaction_85010_2.txt	85010	2	10.3243893369	10.5097416561	10.1123259392	9.70607061102	9.85750275695	n/a	9.9819758686	9.9671289714	9.98784796799	9.746839196	9.1577228609	9.51261840794
alpha_rarefaction_85010_3.txt	85010	3	10.3328691246	10.5125492742	10.113240363	9.70324755103	9.85521718039	n/a	9.98430454606	9.96685222139	9.98732007856	9.73920747608	9.15225763318	9.50632384716
alpha_rarefaction_85010_4.txt	85010	4	10.3362370263	10.5159519439	10.1097977393	9.70434827506	9.86823282088	n/a	9.985738004	9.96791765096	9.98849515166	9.74301389621	9.16210296223	9.50427112073
alpha_rarefaction_85010_5.txt	85010	5	10.3330464713	10.5096105858	10.1087734015	9.70271838642	9.8652274457	n/a	9.98337543447	9.97774580469	9.9801140124	9.74602782786	9.15680633076	9.50741315775
alpha_rarefaction_85010_6.txt	85010	6	10.3330751653	10.5128645115	10.1115334367	9.70342053926	9.86716423672	n/a	9.9831257244	9.97873668274	9.99012886758	9.74424337717	9.16111846359	9.50459751622
alpha_rarefaction_85010_7.txt	85010	7	10.3299122789	10.5115395556	10.1099537308	9.70484414077	9.863574996	n/a	9.98658659172	9.97263577421	9.98434638708	9.73995769676	9.16131432787	9.51099163358
alpha_rarefaction_85010_8.txt	85010	8	10.3317523759	10.5073278405	10.1124683498	9.70734785449	9.86722285062	n/a	9.99076979986	9.96278826729	9.98112001425	9.73928362682	9.15368228975	9.50898860311
alpha_rarefaction_85010_9.txt	85010	9	10.3278018166	10.5071055257	10.1115140064	9.70240614467	9.87072037622	n/a	9.98486384172	9.97351274009	9.97827150157	9.74046602961	9.15989744645	9.50645947193